1,1,0,1,0,1,60,,,,,,,1,56,49,1,blake_12,288,40,1,0,60,0,0,,0,0,0,0,0,0,0,,0,0,0,0,0,0,1,0,0,0,0
1,2,0,1,0,1,60,,,,,,,1,8,58,1,blake_01,54,40,1,0,60,0,0,,0,0,0,0,0,0,0,,0,0,0,0,0,0,1,0,0,0,0
1,3,0,1,0,1,60,,,,,,,1,87,14,1,blake_10,270,40,1,0,60,0,0,,0,0,0,0,0,0,0,,0,0,0,0,0,0,1,0,0,0,0
1,4,0,1,0,1,60,,,,,,,1,56,70,1,blake_04,162,40,1,0,60,0,0,,0,0,0,0,0,0,0,,0,0,0,0,0,0,1,0,0,0,0
1,5,0,1,0,1,60,,,,,,,1,34,73,1,blake_04,342,40,1,0,60,0,0,,0,0,0,0,0,0,0,,0,0,0,0,0,0,1,0,0,0,0
1,6,0,1,0,1,60,,,,,,,1,41,89,1,blake_04,90,40,1,0,60,0,0,,0,0,0,0,0,0,0,,0,0,0,0,0,0,1,0,0,0,0
1,7,0,1,0,1,60,,,,,,,1,22,56,1,blake_11,36,40,1,0,60,0,0,,0,0,0,0,0,0,0,,0,0,0,0,0,0,1,0,0,0,0
1,8,0,1,0,1,60,,,,,,,1,69,3,1,blake_06,108,40,1,0,60,0,0,,0,0,0,0,0,0,0,,0,0,0,0,0,0,1,0,0,0,0
1,9,0,1,0,1,60,,,,,,,1,35,91,1,blake_10,288,40,1,0,60,0,0,,0,0,0,0,0,0,0,,0,0,0,0,0,0,1,0,0,0,0
1,10,0,1,0,1,60,,,,,,,1,67,60,1,blake_06,108,40,1,0,60,0,0,,0,0,0,0,0,0,0,,0,0,0,0,0,0,1,0,0,0,0
1,11,0,1,0,1,60,,,,,,,1,76,79,1,blake_06,144,40,1,0,60,0,0,,0,0,0,0,0,0,0,,0,0,0,0,0,0,1,0,0,0,0
1,12,0,1,0,1,60,,,,,,,1,52,0,1,blake_12,180,40,1,0,60,0,0,,0,0,0,0,0,0,0,,0,0,0,0,0,0,1,0,0,0,0
1,13,0,1,0,1,60,,,,,,,1,72,13,1,blake_08,54,40,1,0,60,0,0,,0,0,0,0,0,0,0,,0,0,0,0,0,0,1,0,0,0,0
1,14,0,1,0,1,60,,,,,,,1,0,86,1,blake_12,270,40,1,0,60,0,0,,0,0,0,0,0,0,0,,0,0,0,0,0,0,1,0,0,0,0
1,15,0,1,0,1,60,,,,,,,1,89,78,1,blake_07,0,40,1,0,60,0,0,,0,0,0,0,0,0,0,,0,0,0,0,0,0,1,0,0,0,0
1,16,0,1,0,1,60,,,,,,,1,58,4,1,blake_01,162,40,1,0,60,0,0,,0,0,0,0,0,0,0,,0,0,0,0,0,0,1,0,0,0,0
1,17,0,1,0,1,60,,,,,,,1,38,58,1,blake_10,162,40,1,0,60,0,0,,0,0,0,0,0,0,0,,0,0,0,0,0,0,1,0,0,0,0
1,18,0,1,0,1,60,,,,,,,1,78,9,1,blake_04,18,40,1,0,60,0,0,,0,0,0,0,0,0,0,,0,0,0,0,0,0,1,0,0,0,0
1,19,0,1,0,1,60,,,,,,,1,42,29,1,blake_12,162,40,1,0,60,0,0,,0,0,0,0,0,0,0,,0,0,0,0,0,0,1,0,0,0,0
1,20,0,1,0,1,60,,,,,,,1,44,90,1,blake_12,252,40,1,0,60,0,0,,0,0,0,0,0,0,0,,0,0,0,0,0,0,1,0,0,0,0
1,21,0,1,0,1,60,,,,,,,1,17,69,1,blake_12,54,40,1,0,60,0,0,,0,0,0,0,0,0,0,,0,0,0,0,0,0,1,0,0,0,0
1,22,0,1,0,1,60,,,,,,,1,9,36,1,blake_08,18,40,1,0,60,0,0,,0,0,0,0,0,0,0,,0,0,0,0,0,0,1,0,0,0,0
1,23,0,1,0,1,60,,,,,,,1,55,97,1,blake_10,270,40,1,0,60,0,0,,0,0,0,0,0,0,0,,0,0,0,0,0,0,1,0,0,0,0
1,24,0,1,0,1,60,,,,,,,1,58,5,1,blake_10,306,40,1,0,60,0,0,,0,0,0,0,0,0,0,,0,0,0,0,0,0,1,0,0,0,0
1,25,0,1,0,1,60,,,,,,,1,27,42,1,blake_06,54,40,1,0,60,0,0,,0,0,0,0,0,0,0,,0,0,0,0,0,0,1,0,0,0,0
1,26,0,1,0,1,60,,,,,,,1,32,38,1,blake_08,72,40,1,0,60,0,0,,0,0,0,0,0,0,0,,0,0,0,0,0,0,1,0,0,0,0
1,27,0,1,0,1,60,,,,,,,1,69,49,1,blake_06,54,40,1,0,60,0,0,,0,0,0,0,0,0,0,,0,0,0,0,0,0,1,0,0,0,0
1,28,0,1,0,1,60,,,,,,,1,100,78,1,blake_06,198,40,1,0,60,0,0,,0,0,0,0,0,0,0,,0,0,0,0,0,0,1,0,0,0,0
1,29,0,1,0,1,60,,,,,,,1,28,96,1,blake_08,162,40,1,0,60,0,0,,0,0,0,0,0,0,0,,0,0,0,0,0,0,1,0,0,0,0
1,30,0,1,0,1,60,,,,,,,1,68,98,1,blake_12,162,40,1,0,60,0,0,,0,0,0,0,0,0,0,,0,0,0,0,0,0,1,0,0,0,0
1,31,0,1,0,1,60,,,,,,,1,47,29,1,blake_01,90,40,1,0,60,0,0,,0,0,0,0,0,0,0,,0,0,0,0,0,0,1,0,0,0,0
1,32,0,1,0,1,60,,,,,,,1,20,84,1,blake_12,216,40,1,0,60,0,0,,0,0,0,0,0,0,0,,0,0,0,0,0,0,1,0,0,0,0
1,33,0,1,0,1,60,,,,,,,1,85,25,1,blake_12,162,40,1,0,60,0,0,,0,0,0,0,0,0,0,,0,0,0,0,0,0,1,0,0,0,0
1,34,0,1,0,1,60,,,,,,,1,27,79,1,blake_06,234,40,1,0,60,0,0,,0,0,0,0,0,0,0,,0,0,0,0,0,0,1,0,0,0,0
1,35,0,1,0,1,60,,,,,,,1,73,94,1,blake_04,72,40,1,0,60,0,0,,0,0,0,0,0,0,0,,0,0,0,0,0,0,1,0,0,0,0
1,36,0,1,0,1,60,,,,,,,1,5,83,1,blake_01,216,40,1,0,60,0,0,,0,0,0,0,0,0,0,,0,0,0,0,0,0,1,0,0,0,0
1,37,0,1,0,1,60,,,,,,,1,50,14,1,blake_12,198,40,1,0,60,0,0,,0,0,0,0,0,0,0,,0,0,0,0,0,0,1,0,0,0,0
1,38,0,1,0,1,60,,,,,,,1,38,32,1,blake_10,72,40,1,0,60,0,0,,0,0,0,0,0,0,0,,0,0,0,0,0,0,1,0,0,0,0
1,39,0,1,0,1,60,,,,,,,1,63,37,1,blake_07,198,40,1,0,60,0,0,,0,0,0,0,0,0,0,,0,0,0,0,0,0,1,0,0,0,0
1,40,0,1,0,1,60,,,,,,,1,69,99,1,blake_12,126,40,1,0,60,0,0,,0,0,0,0,0,0,0,,0,0,0,0,0,0,1,0,0,0,0
1,41,0,1,0,1,60,,,,,,,1,37,70,1,blake_11,252,40,1,0,60,0,0,,0,0,0,0,0,0,0,,0,0,0,0,0,0,1,0,0,0,0
1,42,0,1,0,1,60,,,,,,,1,61,3,1,blake_04,0,40,1,0,60,0,0,,0,0,0,0,0,0,0,,0,0,0,0,0,0,1,0,0,0,0
1,43,0,1,0,1,60,,,,,,,1,88,62,1,blake_04,252,40,1,0,60,0,0,,0,0,0,0,0,0,0,,0,0,0,0,0,0,1,0,0,0,0
1,44,0,1,0,1,60,,,,,,,1,41,29,1,blake_10,144,40,1,0,60,0,0,,0,0,0,0,0,0,0,,0,0,0,0,0,0,1,0,0,0,0
1,45,0,1,0,1,60,,,,,,,1,57,50,1,blake_01,342,40,1,0,60,0,0,,0,0,0,0,0,0,0,,0,0,0,0,0,0,1,0,0,0,0
1,46,0,1,0,1,60,,,,,,,1,25,32,1,blake_04,72,40,1,0,60,0,0,,0,0,0,0,0,0,0,,0,0,0,0,0,0,1,0,0,0,0
1,47,0,1,0,1,60,,,,,,,1,17,64,1,blake_08,18,40,1,0,60,0,0,,0,0,0,0,0,0,0,,0,0,0,0,0,0,1,0,0,0,0
1,48,0,1,0,1,60,,,,,,,1,36,50,1,blake_06,144,40,1,0,60,0,0,,0,0,0,0,0,0,0,,0,0,0,0,0,0,1,0,0,0,0
1,49,0,1,0,1,60,,,,,,,1,36,88,1,blake_01,18,40,1,0,60,0,0,,0,0,0,0,0,0,0,,0,0,0,0,0,0,1,0,0,0,0
1,50,0,1,0,1,60,,,,,,,1,78,26,1,blake_12,126,40,1,0,60,0,0,,0,0,0,0,0,0,0,,0,0,0,0,0,0,1,0,0,0,0
1,51,0,1,0,1,60,,,,,,,1,87,25,1,blake_08,90,40,1,0,60,0,0,,0,0,0,0,0,0,0,,0,0,0,0,0,0,1,0,0,0,0
1,52,0,1,0,1,60,,,,,,,1,68,49,1,blake_07,252,40,1,0,60,0,0,,0,0,0,0,0,0,0,,0,0,0,0,0,0,1,0,0,0,0
1,53,0,1,0,1,60,,,,,,,1,10,44,1,blake_04,270,40,1,0,60,0,0,,0,0,0,0,0,0,0,,0,0,0,0,0,0,1,0,0,0,0
1,54,0,1,0,1,60,,,,,,,1,6,65,1,blake_12,144,40,1,0,60,0,0,,0,0,0,0,0,0,0,,0,0,0,0,0,0,1,0,0,0,0
1,55,0,1,0,1,60,,,,,,,1,21,52,1,blake_01,0,40,1,0,60,0,0,,0,0,0,0,0,0,0,,0,0,0,0,0,0,1,0,0,0,0
1,56,0,1,0,1,60,,,,,,,1,76,74,1,blake_01,162,40,1,0,60,0,0,,0,0,0,0,0,0,0,,0,0,0,0,0,0,1,0,0,0,0
1,57,0,1,0,1,60,,,,,,,1,57,23,1,blake_07,216,40,1,0,60,0,0,,0,0,0,0,0,0,0,,0,0,0,0,0,0,1,0,0,0,0
1,58,0,1,0,1,60,,,,,,,1,41,42,1,blake_06,162,40,1,0,60,0,0,,0,0,0,0,0,0,0,,0,0,0,0,0,0,1,0,0,0,0
1,59,0,1,0,1,60,,,,,,,1,80,54,1,blake_06,288,40,1,0,60,0,0,,0,0,0,0,0,0,0,,0,0,0,0,0,0,1,0,0,0,0
1,60,0,1,0,1,60,,,,,,,1,79,68,1,blake_10,126,40,1,0,60,0,0,,0,0,0,0,0,0,0,,0,0,0,0,0,0,1,0,0,0,0
1,61,0,1,0,1,60,,,,,,,1,84,57,1,blake_08,36,40,1,0,60,0,0,,0,0,0,0,0,0,0,,0,0,0,0,0,0,1,0,0,0,0
1,62,0,1,0,1,60,,,,,,,1,88,79,1,blake_01,342,40,1,0,60,0,0,,0,0,0,0,0,0,0,,0,0,0,0,0,0,1,0,0,0,0
1,63,0,1,0,1,60,,,,,,,1,12,30,1,blake_01,36,40,1,0,60,0,0,,0,0,0,0,0,0,0,,0,0,0,0,0,0,1,0,0,0,0
1,64,0,1,0,1,60,,,,,,,1,73,78,1,blake_07,180,40,1,0,60,0,0,,0,0,0,0,0,0,0,,0,0,0,0,0,0,1,0,0,0,0
2,1,0,1,0,1,60,,,,,,,1,44,23,1,blake_11,252,40,1,0,60,0,0,,0,0,0,0,0,0,0,,0,0,0,0,0,0,1,0,0,0,0
2,2,0,1,0,1,60,,,,,,,1,32,90,1,blake_04,234,40,1,0,60,0,0,,0,0,0,0,0,0,0,,0,0,0,0,0,0,1,0,0,0,0
2,3,0,1,0,1,60,,,,,,,1,13,78,1,blake_01,54,40,1,0,60,0,0,,0,0,0,0,0,0,0,,0,0,0,0,0,0,1,0,0,0,0
2,4,0,1,0,1,60,,,,,,,1,22,80,1,blake_08,144,40,1,0,60,0,0,,0,0,0,0,0,0,0,,0,0,0,0,0,0,1,0,0,0,0
2,5,0,1,0,1,60,,,,,,,1,4,73,1,blake_11,234,40,1,0,60,0,0,,0,0,0,0,0,0,0,,0,0,0,0,0,0,1,0,0,0,0
2,6,0,1,0,1,60,,,,,,,1,26,83,1,blake_04,90,40,1,0,60,0,0,,0,0,0,0,0,0,0,,0,0,0,0,0,0,1,0,0,0,0
2,7,0,1,0,1,60,,,,,,,1,66,14,1,blake_10,18,40,1,0,60,0,0,,0,0,0,0,0,0,0,,0,0,0,0,0,0,1,0,0,0,0
2,8,0,1,0,1,60,,,,,,,1,6,100,1,blake_10,252,40,1,0,60,0,0,,0,0,0,0,0,0,0,,0,0,0,0,0,0,1,0,0,0,0
2,9,0,1,0,1,60,,,,,,,1,75,98,1,blake_04,54,40,1,0,60,0,0,,0,0,0,0,0,0,0,,0,0,0,0,0,0,1,0,0,0,0
2,10,0,1,0,1,60,,,,,,,1,23,8,1,blake_08,198,40,1,0,60,0,0,,0,0,0,0,0,0,0,,0,0,0,0,0,0,1,0,0,0,0
2,11,0,1,0,1,60,,,,,,,1,64,68,1,blake_08,162,40,1,0,60,0,0,,0,0,0,0,0,0,0,,0,0,0,0,0,0,1,0,0,0,0
2,12,0,1,0,1,60,,,,,,,1,66,83,1,blake_08,216,40,1,0,60,0,0,,0,0,0,0,0,0,0,,0,0,0,0,0,0,1,0,0,0,0
2,13,0,1,0,1,60,,,,,,,1,34,83,1,blake_10,72,40,1,0,60,0,0,,0,0,0,0,0,0,0,,0,0,0,0,0,0,1,0,0,0,0
2,14,0,1,0,1,60,,,,,,,1,5,99,1,blake_12,126,40,1,0,60,0,0,,0,0,0,0,0,0,0,,0,0,0,0,0,0,1,0,0,0,0
2,15,0,1,0,1,60,,,,,,,1,49,96,1,blake_08,324,40,1,0,60,0,0,,0,0,0,0,0,0,0,,0,0,0,0,0,0,1,0,0,0,0
2,16,0,1,0,1,60,,,,,,,1,90,51,1,blake_10,162,40,1,0,60,0,0,,0,0,0,0,0,0,0,,0,0,0,0,0,0,1,0,0,0,0
2,17,0,1,0,1,60,,,,,,,1,44,68,1,blake_11,144,40,1,0,60,0,0,,0,0,0,0,0,0,0,,0,0,0,0,0,0,1,0,0,0,0
2,18,0,1,0,1,60,,,,,,,1,88,27,1,blake_11,90,40,1,0,60,0,0,,0,0,0,0,0,0,0,,0,0,0,0,0,0,1,0,0,0,0
2,19,0,1,0,1,60,,,,,,,1,82,16,1,blake_07,0,40,1,0,60,0,0,,0,0,0,0,0,0,0,,0,0,0,0,0,0,1,0,0,0,0
2,20,0,1,0,1,60,,,,,,,1,30,96,1,blake_07,72,40,1,0,60,0,0,,0,0,0,0,0,0,0,,0,0,0,0,0,0,1,0,0,0,0
2,21,0,1,0,1,60,,,,,,,1,15,72,1,blake_01,234,40,1,0,60,0,0,,0,0,0,0,0,0,0,,0,0,0,0,0,0,1,0,0,0,0
2,22,0,1,0,1,60,,,,,,,1,97,38,1,blake_01,18,40,1,0,60,0,0,,0,0,0,0,0,0,0,,0,0,0,0,0,0,1,0,0,0,0
2,23,0,1,0,1,60,,,,,,,1,10,11,1,blake_08,72,40,1,0,60,0,0,,0,0,0,0,0,0,0,,0,0,0,0,0,0,1,0,0,0,0
2,24,0,1,0,1,60,,,,,,,1,45,96,1,blake_08,162,40,1,0,60,0,0,,0,0,0,0,0,0,0,,0,0,0,0,0,0,1,0,0,0,0
2,25,0,1,0,1,60,,,,,,,1,3,43,1,blake_07,0,40,1,0,60,0,0,,0,0,0,0,0,0,0,,0,0,0,0,0,0,1,0,0,0,0
2,26,0,1,0,1,60,,,,,,,1,100,6,1,blake_01,234,40,1,0,60,0,0,,0,0,0,0,0,0,0,,0,0,0,0,0,0,1,0,0,0,0
2,27,0,1,0,1,60,,,,,,,1,17,99,1,blake_12,252,40,1,0,60,0,0,,0,0,0,0,0,0,0,,0,0,0,0,0,0,1,0,0,0,0
2,28,0,1,0,1,60,,,,,,,1,17,79,1,blake_08,36,40,1,0,60,0,0,,0,0,0,0,0,0,0,,0,0,0,0,0,0,1,0,0,0,0
2,29,0,1,0,1,60,,,,,,,1,36,67,1,blake_06,144,40,1,0,60,0,0,,0,0,0,0,0,0,0,,0,0,0,0,0,0,1,0,0,0,0
2,30,0,1,0,1,60,,,,,,,1,61,1,1,blake_11,108,40,1,0,60,0,0,,0,0,0,0,0,0,0,,0,0,0,0,0,0,1,0,0,0,0
2,31,0,1,0,1,60,,,,,,,1,86,5,1,blake_06,234,40,1,0,60,0,0,,0,0,0,0,0,0,0,,0,0,0,0,0,0,1,0,0,0,0
2,32,0,1,0,1,60,,,,,,,1,95,98,1,blake_08,36,40,1,0,60,0,0,,0,0,0,0,0,0,0,,0,0,0,0,0,0,1,0,0,0,0
2,33,0,1,0,1,60,,,,,,,1,10,7,1,blake_06,234,40,1,0,60,0,0,,0,0,0,0,0,0,0,,0,0,0,0,0,0,1,0,0,0,0
2,34,0,1,0,1,60,,,,,,,1,70,27,1,blake_12,0,40,1,0,60,0,0,,0,0,0,0,0,0,0,,0,0,0,0,0,0,1,0,0,0,0
2,35,0,1,0,1,60,,,,,,,1,23,39,1,blake_08,18,40,1,0,60,0,0,,0,0,0,0,0,0,0,,0,0,0,0,0,0,1,0,0,0,0
2,36,0,1,0,1,60,,,,,,,1,35,81,1,blake_07,18,40,1,0,60,0,0,,0,0,0,0,0,0,0,,0,0,0,0,0,0,1,0,0,0,0
2,37,0,1,0,1,60,,,,,,,1,99,44,1,blake_12,72,40,1,0,60,0,0,,0,0,0,0,0,0,0,,0,0,0,0,0,0,1,0,0,0,0
2,38,0,1,0,1,60,,,,,,,1,76,40,1,blake_11,144,40,1,0,60,0,0,,0,0,0,0,0,0,0,,0,0,0,0,0,0,1,0,0,0,0
2,39,0,1,0,1,60,,,,,,,1,43,46,1,blake_06,90,40,1,0,60,0,0,,0,0,0,0,0,0,0,,0,0,0,0,0,0,1,0,0,0,0
2,40,0,1,0,1,60,,,,,,,1,70,15,1,blake_04,0,40,1,0,60,0,0,,0,0,0,0,0,0,0,,0,0,0,0,0,0,1,0,0,0,0
2,41,0,1,0,1,60,,,,,,,1,12,49,1,blake_08,306,40,1,0,60,0,0,,0,0,0,0,0,0,0,,0,0,0,0,0,0,1,0,0,0,0
2,42,0,1,0,1,60,,,,,,,1,23,58,1,blake_01,90,40,1,0,60,0,0,,0,0,0,0,0,0,0,,0,0,0,0,0,0,1,0,0,0,0
2,43,0,1,0,1,60,,,,,,,1,0,35,1,blake_07,288,40,1,0,60,0,0,,0,0,0,0,0,0,0,,0,0,0,0,0,0,1,0,0,0,0
2,44,0,1,0,1,60,,,,,,,1,10,0,1,blake_01,72,40,1,0,60,0,0,,0,0,0,0,0,0,0,,0,0,0,0,0,0,1,0,0,0,0
2,45,0,1,0,1,60,,,,,,,1,1,6,1,blake_12,162,40,1,0,60,0,0,,0,0,0,0,0,0,0,,0,0,0,0,0,0,1,0,0,0,0
2,46,0,1,0,1,60,,,,,,,1,69,96,1,blake_10,144,40,1,0,60,0,0,,0,0,0,0,0,0,0,,0,0,0,0,0,0,1,0,0,0,0
2,47,0,1,0,1,60,,,,,,,1,85,1,1,blake_12,126,40,1,0,60,0,0,,0,0,0,0,0,0,0,,0,0,0,0,0,0,1,0,0,0,0
2,48,0,1,0,1,60,,,,,,,1,61,25,1,blake_06,54,40,1,0,60,0,0,,0,0,0,0,0,0,0,,0,0,0,0,0,0,1,0,0,0,0
2,49,0,1,0,1,60,,,,,,,1,6,55,1,blake_04,0,40,1,0,60,0,0,,0,0,0,0,0,0,0,,0,0,0,0,0,0,1,0,0,0,0
2,50,0,1,0,1,60,,,,,,,1,94,68,1,blake_01,36,40,1,0,60,0,0,,0,0,0,0,0,0,0,,0,0,0,0,0,0,1,0,0,0,0
2,51,0,1,0,1,60,,,,,,,1,45,86,1,blake_07,270,40,1,0,60,0,0,,0,0,0,0,0,0,0,,0,0,0,0,0,0,1,0,0,0,0
2,52,0,1,0,1,60,,,,,,,1,29,43,1,blake_04,324,40,1,0,60,0,0,,0,0,0,0,0,0,0,,0,0,0,0,0,0,1,0,0,0,0
2,53,0,1,0,1,60,,,,,,,1,94,99,1,blake_11,324,40,1,0,60,0,0,,0,0,0,0,0,0,0,,0,0,0,0,0,0,1,0,0,0,0
2,54,0,1,0,1,60,,,,,,,1,50,61,1,blake_12,216,40,1,0,60,0,0,,0,0,0,0,0,0,0,,0,0,0,0,0,0,1,0,0,0,0
2,55,0,1,0,1,60,,,,,,,1,97,88,1,blake_12,342,40,1,0,60,0,0,,0,0,0,0,0,0,0,,0,0,0,0,0,0,1,0,0,0,0
2,56,0,1,0,1,60,,,,,,,1,34,30,1,blake_11,306,40,1,0,60,0,0,,0,0,0,0,0,0,0,,0,0,0,0,0,0,1,0,0,0,0
2,57,0,1,0,1,60,,,,,,,1,53,3,1,blake_08,36,40,1,0,60,0,0,,0,0,0,0,0,0,0,,0,0,0,0,0,0,1,0,0,0,0
2,58,0,1,0,1,60,,,,,,,1,79,42,1,blake_06,54,40,1,0,60,0,0,,0,0,0,0,0,0,0,,0,0,0,0,0,0,1,0,0,0,0
2,59,0,1,0,1,60,,,,,,,1,36,55,1,blake_10,342,40,1,0,60,0,0,,0,0,0,0,0,0,0,,0,0,0,0,0,0,1,0,0,0,0
2,60,0,1,0,1,60,,,,,,,1,4,83,1,blake_12,108,40,1,0,60,0,0,,0,0,0,0,0,0,0,,0,0,0,0,0,0,1,0,0,0,0
2,61,0,1,0,1,60,,,,,,,1,25,99,1,blake_10,54,40,1,0,60,0,0,,0,0,0,0,0,0,0,,0,0,0,0,0,0,1,0,0,0,0
2,62,0,1,0,1,60,,,,,,,1,35,46,1,blake_04,342,40,1,0,60,0,0,,0,0,0,0,0,0,0,,0,0,0,0,0,0,1,0,0,0,0
2,63,0,1,0,1,60,,,,,,,1,18,98,1,blake_01,342,40,1,0,60,0,0,,0,0,0,0,0,0,0,,0,0,0,0,0,0,1,0,0,0,0
2,64,0,1,0,1,60,,,,,,,1,48,51,1,blake_12,306,40,1,0,60,0,0,,0,0,0,0,0,0,0,,0,0,0,0,0,0,1,0,0,0,0
3,1,0,1,0,1,60,,,,,,,1,43,52,1,blake_12,126,40,1,0,60,0,0,,0,0,0,0,0,0,0,,0,0,0,0,0,0,1,0,0,0,0
3,2,0,1,0,1,60,,,,,,,1,14,52,1,blake_12,234,40,1,0,60,0,0,,0,0,0,0,0,0,0,,0,0,0,0,0,0,1,0,0,0,0
3,3,0,1,0,1,60,,,,,,,1,38,88,1,blake_10,18,40,1,0,60,0,0,,0,0,0,0,0,0,0,,0,0,0,0,0,0,1,0,0,0,0
3,4,0,1,0,1,60,,,,,,,1,88,14,1,blake_01,216,40,1,0,60,0,0,,0,0,0,0,0,0,0,,0,0,0,0,0,0,1,0,0,0,0
3,5,0,1,0,1,60,,,,,,,1,22,95,1,blake_01,270,40,1,0,60,0,0,,0,0,0,0,0,0,0,,0,0,0,0,0,0,1,0,0,0,0
3,6,0,1,0,1,60,,,,,,,1,27,56,1,blake_08,198,40,1,0,60,0,0,,0,0,0,0,0,0,0,,0,0,0,0,0,0,1,0,0,0,0
3,7,0,1,0,1,60,,,,,,,1,94,20,1,blake_12,72,40,1,0,60,0,0,,0,0,0,0,0,0,0,,0,0,0,0,0,0,1,0,0,0,0
3,8,0,1,0,1,60,,,,,,,1,58,86,1,blake_11,126,40,1,0,60,0,0,,0,0,0,0,0,0,0,,0,0,0,0,0,0,1,0,0,0,0
3,9,0,1,0,1,60,,,,,,,1,45,92,1,blake_11,0,40,1,0,60,0,0,,0,0,0,0,0,0,0,,0,0,0,0,0,0,1,0,0,0,0
3,10,0,1,0,1,60,,,,,,,1,43,61,1,blake_04,306,40,1,0,60,0,0,,0,0,0,0,0,0,0,,0,0,0,0,0,0,1,0,0,0,0
3,11,0,1,0,1,60,,,,,,,1,70,58,1,blake_08,198,40,1,0,60,0,0,,0,0,0,0,0,0,0,,0,0,0,0,0,0,1,0,0,0,0
3,12,0,1,0,1,60,,,,,,,1,80,44,1,blake_10,36,40,1,0,60,0,0,,0,0,0,0,0,0,0,,0,0,0,0,0,0,1,0,0,0,0
3,13,0,1,0,1,60,,,,,,,1,8,55,1,blake_08,342,40,1,0,60,0,0,,0,0,0,0,0,0,0,,0,0,0,0,0,0,1,0,0,0,0
3,14,0,1,0,1,60,,,,,,,1,98,60,1,blake_08,144,40,1,0,60,0,0,,0,0,0,0,0,0,0,,0,0,0,0,0,0,1,0,0,0,0
3,15,0,1,0,1,60,,,,,,,1,60,54,1,blake_10,144,40,1,0,60,0,0,,0,0,0,0,0,0,0,,0,0,0,0,0,0,1,0,0,0,0
3,16,0,1,0,1,60,,,,,,,1,69,81,1,blake_10,288,40,1,0,60,0,0,,0,0,0,0,0,0,0,,0,0,0,0,0,0,1,0,0,0,0
3,17,0,1,0,1,60,,,,,,,1,90,36,1,blake_11,18,40,1,0,60,0,0,,0,0,0,0,0,0,0,,0,0,0,0,0,0,1,0,0,0,0
3,18,0,1,0,1,60,,,,,,,1,89,95,1,blake_04,306,40,1,0,60,0,0,,0,0,0,0,0,0,0,,0,0,0,0,0,0,1,0,0,0,0
3,19,0,1,0,1,60,,,,,,,1,44,36,1,blake_01,90,40,1,0,60,0,0,,0,0,0,0,0,0,0,,0,0,0,0,0,0,1,0,0,0,0
3,20,0,1,0,1,60,,,,,,,1,50,92,1,blake_04,306,40,1,0,60,0,0,,0,0,0,0,0,0,0,,0,0,0,0,0,0,1,0,0,0,0
3,21,0,1,0,1,60,,,,,,,1,21,33,1,blake_08,108,40,1,0,60,0,0,,0,0,0,0,0,0,0,,0,0,0,0,0,0,1,0,0,0,0
3,22,0,1,0,1,60,,,,,,,1,56,71,1,blake_10,216,40,1,0,60,0,0,,0,0,0,0,0,0,0,,0,0,0,0,0,0,1,0,0,0,0
3,23,0,1,0,1,60,,,,,,,1,83,46,1,blake_06,108,40,1,0,60,0,0,,0,0,0,0,0,0,0,,0,0,0,0,0,0,1,0,0,0,0
3,24,0,1,0,1,60,,,,,,,1,83,95,1,blake_12,288,40,1,0,60,0,0,,0,0,0,0,0,0,0,,0,0,0,0,0,0,1,0,0,0,0
3,25,0,1,0,1,60,,,,,,,1,31,41,1,blake_12,342,40,1,0,60,0,0,,0,0,0,0,0,0,0,,0,0,0,0,0,0,1,0,0,0,0
3,26,0,1,0,1,60,,,,,,,1,63,80,1,blake_07,324,40,1,0,60,0,0,,0,0,0,0,0,0,0,,0,0,0,0,0,0,1,0,0,0,0
3,27,0,1,0,1,60,,,,,,,1,56,26,1,blake_11,180,40,1,0,60,0,0,,0,0,0,0,0,0,0,,0,0,0,0,0,0,1,0,0,0,0
3,28,0,1,0,1,60,,,,,,,1,90,81,1,blake_08,18,40,1,0,60,0,0,,0,0,0,0,0,0,0,,0,0,0,0,0,0,1,0,0,0,0
3,29,0,1,0,1,60,,,,,,,1,54,24,1,blake_06,144,40,1,0,60,0,0,,0,0,0,0,0,0,0,,0,0,0,0,0,0,1,0,0,0,0
3,30,0,1,0,1,60,,,,,,,1,18,9,1,blake_12,288,40,1,0,60,0,0,,0,0,0,0,0,0,0,,0,0,0,0,0,0,1,0,0,0,0
3,31,0,1,0,1,60,,,,,,,1,18,27,1,blake_07,162,40,1,0,60,0,0,,0,0,0,0,0,0,0,,0,0,0,0,0,0,1,0,0,0,0
3,32,0,1,0,1,60,,,,,,,1,10,1,1,blake_12,90,40,1,0,60,0,0,,0,0,0,0,0,0,0,,0,0,0,0,0,0,1,0,0,0,0
3,33,0,1,0,1,60,,,,,,,1,22,81,1,blake_04,18,40,1,0,60,0,0,,0,0,0,0,0,0,0,,0,0,0,0,0,0,1,0,0,0,0
3,34,0,1,0,1,60,,,,,,,1,38,25,1,blake_10,216,40,1,0,60,0,0,,0,0,0,0,0,0,0,,0,0,0,0,0,0,1,0,0,0,0
3,35,0,1,0,1,60,,,,,,,1,54,94,1,blake_01,180,40,1,0,60,0,0,,0,0,0,0,0,0,0,,0,0,0,0,0,0,1,0,0,0,0
3,36,0,1,0,1,60,,,,,,,1,67,45,1,blake_01,288,40,1,0,60,0,0,,0,0,0,0,0,0,0,,0,0,0,0,0,0,1,0,0,0,0
3,37,0,1,0,1,60,,,,,,,1,27,11,1,blake_10,126,40,1,0,60,0,0,,0,0,0,0,0,0,0,,0,0,0,0,0,0,1,0,0,0,0
3,38,0,1,0,1,60,,,,,,,1,81,44,1,blake_11,144,40,1,0,60,0,0,,0,0,0,0,0,0,0,,0,0,0,0,0,0,1,0,0,0,0
3,39,0,1,0,1,60,,,,,,,1,66,6,1,blake_04,126,40,1,0,60,0,0,,0,0,0,0,0,0,0,,0,0,0,0,0,0,1,0,0,0,0
3,40,0,1,0,1,60,,,,,,,1,63,21,1,blake_07,252,40,1,0,60,0,0,,0,0,0,0,0,0,0,,0,0,0,0,0,0,1,0,0,0,0
3,41,0,1,0,1,60,,,,,,,1,34,41,1,blake_04,216,40,1,0,60,0,0,,0,0,0,0,0,0,0,,0,0,0,0,0,0,1,0,0,0,0
3,42,0,1,0,1,60,,,,,,,1,33,43,1,blake_07,252,40,1,0,60,0,0,,0,0,0,0,0,0,0,,0,0,0,0,0,0,1,0,0,0,0
3,43,0,1,0,1,60,,,,,,,1,80,56,1,blake_11,234,40,1,0,60,0,0,,0,0,0,0,0,0,0,,0,0,0,0,0,0,1,0,0,0,0
3,44,0,1,0,1,60,,,,,,,1,11,77,1,blake_12,198,40,1,0,60,0,0,,0,0,0,0,0,0,0,,0,0,0,0,0,0,1,0,0,0,0
3,45,0,1,0,1,60,,,,,,,1,39,26,1,blake_12,126,40,1,0,60,0,0,,0,0,0,0,0,0,0,,0,0,0,0,0,0,1,0,0,0,0
3,46,0,1,0,1,60,,,,,,,1,26,96,1,blake_06,198,40,1,0,60,0,0,,0,0,0,0,0,0,0,,0,0,0,0,0,0,1,0,0,0,0
3,47,0,1,0,1,60,,,,,,,1,91,82,1,blake_12,234,40,1,0,60,0,0,,0,0,0,0,0,0,0,,0,0,0,0,0,0,1,0,0,0,0
3,48,0,1,0,1,60,,,,,,,1,62,25,1,blake_12,18,40,1,0,60,0,0,,0,0,0,0,0,0,0,,0,0,0,0,0,0,1,0,0,0,0
3,49,0,1,0,1,60,,,,,,,1,60,74,1,blake_10,342,40,1,0,60,0,0,,0,0,0,0,0,0,0,,0,0,0,0,0,0,1,0,0,0,0
3,50,0,1,0,1,60,,,,,,,1,21,8,1,blake_11,54,40,1,0,60,0,0,,0,0,0,0,0,0,0,,0,0,0,0,0,0,1,0,0,0,0
3,51,0,1,0,1,60,,,,,,,1,89,42,1,blake_07,108,40,1,0,60,0,0,,0,0,0,0,0,0,0,,0,0,0,0,0,0,1,0,0,0,0
3,52,0,1,0,1,60,,,,,,,1,65,39,1,blake_10,108,40,1,0,60,0,0,,0,0,0,0,0,0,0,,0,0,0,0,0,0,1,0,0,0,0
3,53,0,1,0,1,60,,,,,,,1,66,0,1,blake_06,0,40,1,0,60,0,0,,0,0,0,0,0,0,0,,0,0,0,0,0,0,1,0,0,0,0
3,54,0,1,0,1,60,,,,,,,1,5,11,1,blake_01,126,40,1,0,60,0,0,,0,0,0,0,0,0,0,,0,0,0,0,0,0,1,0,0,0,0
3,55,0,1,0,1,60,,,,,,,1,86,90,1,blake_11,306,40,1,0,60,0,0,,0,0,0,0,0,0,0,,0,0,0,0,0,0,1,0,0,0,0
3,56,0,1,0,1,60,,,,,,,1,85,75,1,blake_01,90,40,1,0,60,0,0,,0,0,0,0,0,0,0,,0,0,0,0,0,0,1,0,0,0,0
3,57,0,1,0,1,60,,,,,,,1,62,88,1,blake_10,162,40,1,0,60,0,0,,0,0,0,0,0,0,0,,0,0,0,0,0,0,1,0,0,0,0
3,58,0,1,0,1,60,,,,,,,1,80,55,1,blake_10,144,40,1,0,60,0,0,,0,0,0,0,0,0,0,,0,0,0,0,0,0,1,0,0,0,0
3,59,0,1,0,1,60,,,,,,,1,51,28,1,blake_11,36,40,1,0,60,0,0,,0,0,0,0,0,0,0,,0,0,0,0,0,0,1,0,0,0,0
3,60,0,1,0,1,60,,,,,,,1,55,8,1,blake_07,216,40,1,0,60,0,0,,0,0,0,0,0,0,0,,0,0,0,0,0,0,1,0,0,0,0
3,61,0,1,0,1,60,,,,,,,1,13,67,1,blake_08,234,40,1,0,60,0,0,,0,0,0,0,0,0,0,,0,0,0,0,0,0,1,0,0,0,0
3,62,0,1,0,1,60,,,,,,,1,68,74,1,blake_01,162,40,1,0,60,0,0,,0,0,0,0,0,0,0,,0,0,0,0,0,0,1,0,0,0,0
3,63,0,1,0,1,60,,,,,,,1,74,45,1,blake_10,252,40,1,0,60,0,0,,0,0,0,0,0,0,0,,0,0,0,0,0,0,1,0,0,0,0
3,64,0,1,0,1,60,,,,,,,1,68,92,1,blake_07,342,40,1,0,60,0,0,,0,0,0,0,0,0,0,,0,0,0,0,0,0,1,0,0,0,0
4,1,0,1,0,1,60,,,,,,,1,34,88,1,blake_11,324,40,1,0,60,0,0,,0,0,0,0,0,0,0,,0,0,0,0,0,0,1,0,0,0,0
4,2,0,1,0,1,60,,,,,,,1,69,41,1,blake_08,198,40,1,0,60,0,0,,0,0,0,0,0,0,0,,0,0,0,0,0,0,1,0,0,0,0
4,3,0,1,0,1,60,,,,,,,1,33,13,1,blake_10,90,40,1,0,60,0,0,,0,0,0,0,0,0,0,,0,0,0,0,0,0,1,0,0,0,0
4,4,0,1,0,1,60,,,,,,,1,76,54,1,blake_01,180,40,1,0,60,0,0,,0,0,0,0,0,0,0,,0,0,0,0,0,0,1,0,0,0,0
4,5,0,1,0,1,60,,,,,,,1,79,2,1,blake_10,306,40,1,0,60,0,0,,0,0,0,0,0,0,0,,0,0,0,0,0,0,1,0,0,0,0
4,6,0,1,0,1,60,,,,,,,1,10,22,1,blake_11,270,40,1,0,60,0,0,,0,0,0,0,0,0,0,,0,0,0,0,0,0,1,0,0,0,0
4,7,0,1,0,1,60,,,,,,,1,18,66,1,blake_06,324,40,1,0,60,0,0,,0,0,0,0,0,0,0,,0,0,0,0,0,0,1,0,0,0,0
4,8,0,1,0,1,60,,,,,,,1,38,58,1,blake_08,198,40,1,0,60,0,0,,0,0,0,0,0,0,0,,0,0,0,0,0,0,1,0,0,0,0
4,9,0,1,0,1,60,,,,,,,1,70,21,1,blake_08,18,40,1,0,60,0,0,,0,0,0,0,0,0,0,,0,0,0,0,0,0,1,0,0,0,0
4,10,0,1,0,1,60,,,,,,,1,12,95,1,blake_11,72,40,1,0,60,0,0,,0,0,0,0,0,0,0,,0,0,0,0,0,0,1,0,0,0,0
4,11,0,1,0,1,60,,,,,,,1,64,10,1,blake_08,144,40,1,0,60,0,0,,0,0,0,0,0,0,0,,0,0,0,0,0,0,1,0,0,0,0
4,12,0,1,0,1,60,,,,,,,1,70,82,1,blake_04,18,40,1,0,60,0,0,,0,0,0,0,0,0,0,,0,0,0,0,0,0,1,0,0,0,0
4,13,0,1,0,1,60,,,,,,,1,89,23,1,blake_01,144,40,1,0,60,0,0,,0,0,0,0,0,0,0,,0,0,0,0,0,0,1,0,0,0,0
4,14,0,1,0,1,60,,,,,,,1,11,54,1,blake_12,270,40,1,0,60,0,0,,0,0,0,0,0,0,0,,0,0,0,0,0,0,1,0,0,0,0
4,15,0,1,0,1,60,,,,,,,1,14,97,1,blake_04,90,40,1,0,60,0,0,,0,0,0,0,0,0,0,,0,0,0,0,0,0,1,0,0,0,0
4,16,0,1,0,1,60,,,,,,,1,0,9,1,blake_11,36,40,1,0,60,0,0,,0,0,0,0,0,0,0,,0,0,0,0,0,0,1,0,0,0,0
4,17,0,1,0,1,60,,,,,,,1,90,92,1,blake_04,54,40,1,0,60,0,0,,0,0,0,0,0,0,0,,0,0,0,0,0,0,1,0,0,0,0
4,18,0,1,0,1,60,,,,,,,1,48,43,1,blake_06,144,40,1,0,60,0,0,,0,0,0,0,0,0,0,,0,0,0,0,0,0,1,0,0,0,0
4,19,0,1,0,1,60,,,,,,,1,61,32,1,blake_10,0,40,1,0,60,0,0,,0,0,0,0,0,0,0,,0,0,0,0,0,0,1,0,0,0,0
4,20,0,1,0,1,60,,,,,,,1,54,17,1,blake_06,324,40,1,0,60,0,0,,0,0,0,0,0,0,0,,0,0,0,0,0,0,1,0,0,0,0
4,21,0,1,0,1,60,,,,,,,1,10,91,1,blake_10,216,40,1,0,60,0,0,,0,0,0,0,0,0,0,,0,0,0,0,0,0,1,0,0,0,0
4,22,0,1,0,1,60,,,,,,,1,43,81,1,blake_08,126,40,1,0,60,0,0,,0,0,0,0,0,0,0,,0,0,0,0,0,0,1,0,0,0,0
4,23,0,1,0,1,60,,,,,,,1,15,96,1,blake_10,18,40,1,0,60,0,0,,0,0,0,0,0,0,0,,0,0,0,0,0,0,1,0,0,0,0
4,24,0,1,0,1,60,,,,,,,1,24,64,1,blake_07,234,40,1,0,60,0,0,,0,0,0,0,0,0,0,,0,0,0,0,0,0,1,0,0,0,0
4,25,0,1,0,1,60,,,,,,,1,52,76,1,blake_08,306,40,1,0,60,0,0,,0,0,0,0,0,0,0,,0,0,0,0,0,0,1,0,0,0,0
4,26,0,1,0,1,60,,,,,,,1,98,78,1,blake_08,306,40,1,0,60,0,0,,0,0,0,0,0,0,0,,0,0,0,0,0,0,1,0,0,0,0
4,27,0,1,0,1,60,,,,,,,1,14,3,1,blake_11,234,40,1,0,60,0,0,,0,0,0,0,0,0,0,,0,0,0,0,0,0,1,0,0,0,0
4,28,0,1,0,1,60,,,,,,,1,11,65,1,blake_12,90,40,1,0,60,0,0,,0,0,0,0,0,0,0,,0,0,0,0,0,0,1,0,0,0,0
4,29,0,1,0,1,60,,,,,,,1,55,35,1,blake_11,216,40,1,0,60,0,0,,0,0,0,0,0,0,0,,0,0,0,0,0,0,1,0,0,0,0
4,30,0,1,0,1,60,,,,,,,1,66,14,1,blake_01,72,40,1,0,60,0,0,,0,0,0,0,0,0,0,,0,0,0,0,0,0,1,0,0,0,0
4,31,0,1,0,1,60,,,,,,,1,12,38,1,blake_01,54,40,1,0,60,0,0,,0,0,0,0,0,0,0,,0,0,0,0,0,0,1,0,0,0,0
4,32,0,1,0,1,60,,,,,,,1,16,0,1,blake_01,90,40,1,0,60,0,0,,0,0,0,0,0,0,0,,0,0,0,0,0,0,1,0,0,0,0
4,33,0,1,0,1,60,,,,,,,1,64,84,1,blake_06,234,40,1,0,60,0,0,,0,0,0,0,0,0,0,,0,0,0,0,0,0,1,0,0,0,0
4,34,0,1,0,1,60,,,,,,,1,62,46,1,blake_12,180,40,1,0,60,0,0,,0,0,0,0,0,0,0,,0,0,0,0,0,0,1,0,0,0,0
4,35,0,1,0,1,60,,,,,,,1,81,71,1,blake_11,108,40,1,0,60,0,0,,0,0,0,0,0,0,0,,0,0,0,0,0,0,1,0,0,0,0
4,36,0,1,0,1,60,,,,,,,1,76,20,1,blake_12,234,40,1,0,60,0,0,,0,0,0,0,0,0,0,,0,0,0,0,0,0,1,0,0,0,0
4,37,0,1,0,1,60,,,,,,,1,82,36,1,blake_01,342,40,1,0,60,0,0,,0,0,0,0,0,0,0,,0,0,0,0,0,0,1,0,0,0,0
4,38,0,1,0,1,60,,,,,,,1,57,38,1,blake_10,108,40,1,0,60,0,0,,0,0,0,0,0,0,0,,0,0,0,0,0,0,1,0,0,0,0
4,39,0,1,0,1,60,,,,,,,1,54,90,1,blake_04,234,40,1,0,60,0,0,,0,0,0,0,0,0,0,,0,0,0,0,0,0,1,0,0,0,0
4,40,0,1,0,1,60,,,,,,,1,0,67,1,blake_12,54,40,1,0,60,0,0,,0,0,0,0,0,0,0,,0,0,0,0,0,0,1,0,0,0,0
4,41,0,1,0,1,60,,,,,,,1,31,90,1,blake_12,90,40,1,0,60,0,0,,0,0,0,0,0,0,0,,0,0,0,0,0,0,1,0,0,0,0
4,42,0,1,0,1,60,,,,,,,1,80,73,1,blake_08,324,40,1,0,60,0,0,,0,0,0,0,0,0,0,,0,0,0,0,0,0,1,0,0,0,0
4,43,0,1,0,1,60,,,,,,,1,5,6,1,blake_10,54,40,1,0,60,0,0,,0,0,0,0,0,0,0,,0,0,0,0,0,0,1,0,0,0,0
4,44,0,1,0,1,60,,,,,,,1,38,68,1,blake_12,126,40,1,0,60,0,0,,0,0,0,0,0,0,0,,0,0,0,0,0,0,1,0,0,0,0
4,45,0,1,0,1,60,,,,,,,1,73,80,1,blake_08,72,40,1,0,60,0,0,,0,0,0,0,0,0,0,,0,0,0,0,0,0,1,0,0,0,0
4,46,0,1,0,1,60,,,,,,,1,87,98,1,blake_08,342,40,1,0,60,0,0,,0,0,0,0,0,0,0,,0,0,0,0,0,0,1,0,0,0,0
4,47,0,1,0,1,60,,,,,,,1,63,0,1,blake_10,198,40,1,0,60,0,0,,0,0,0,0,0,0,0,,0,0,0,0,0,0,1,0,0,0,0
4,48,0,1,0,1,60,,,,,,,1,70,64,1,blake_04,324,40,1,0,60,0,0,,0,0,0,0,0,0,0,,0,0,0,0,0,0,1,0,0,0,0
4,49,0,1,0,1,60,,,,,,,1,12,29,1,blake_04,216,40,1,0,60,0,0,,0,0,0,0,0,0,0,,0,0,0,0,0,0,1,0,0,0,0
4,50,0,1,0,1,60,,,,,,,1,44,37,1,blake_01,288,40,1,0,60,0,0,,0,0,0,0,0,0,0,,0,0,0,0,0,0,1,0,0,0,0
4,51,0,1,0,1,60,,,,,,,1,82,75,1,blake_04,72,40,1,0,60,0,0,,0,0,0,0,0,0,0,,0,0,0,0,0,0,1,0,0,0,0
4,52,0,1,0,1,60,,,,,,,1,86,79,1,blake_11,18,40,1,0,60,0,0,,0,0,0,0,0,0,0,,0,0,0,0,0,0,1,0,0,0,0
4,53,0,1,0,1,60,,,,,,,1,97,32,1,blake_01,72,40,1,0,60,0,0,,0,0,0,0,0,0,0,,0,0,0,0,0,0,1,0,0,0,0
4,54,0,1,0,1,60,,,,,,,1,39,47,1,blake_01,0,40,1,0,60,0,0,,0,0,0,0,0,0,0,,0,0,0,0,0,0,1,0,0,0,0
4,55,0,1,0,1,60,,,,,,,1,63,78,1,blake_10,198,40,1,0,60,0,0,,0,0,0,0,0,0,0,,0,0,0,0,0,0,1,0,0,0,0
4,56,0,1,0,1,60,,,,,,,1,80,98,1,blake_08,180,40,1,0,60,0,0,,0,0,0,0,0,0,0,,0,0,0,0,0,0,1,0,0,0,0
4,57,0,1,0,1,60,,,,,,,1,72,79,1,blake_01,90,40,1,0,60,0,0,,0,0,0,0,0,0,0,,0,0,0,0,0,0,1,0,0,0,0
4,58,0,1,0,1,60,,,,,,,1,39,77,1,blake_11,36,40,1,0,60,0,0,,0,0,0,0,0,0,0,,0,0,0,0,0,0,1,0,0,0,0
4,59,0,1,0,1,60,,,,,,,1,50,38,1,blake_10,36,40,1,0,60,0,0,,0,0,0,0,0,0,0,,0,0,0,0,0,0,1,0,0,0,0
4,60,0,1,0,1,60,,,,,,,1,89,77,1,blake_07,36,40,1,0,60,0,0,,0,0,0,0,0,0,0,,0,0,0,0,0,0,1,0,0,0,0
4,61,0,1,0,1,60,,,,,,,1,7,99,1,blake_04,252,40,1,0,60,0,0,,0,0,0,0,0,0,0,,0,0,0,0,0,0,1,0,0,0,0
4,62,0,1,0,1,60,,,,,,,1,89,71,1,blake_01,252,40,1,0,60,0,0,,0,0,0,0,0,0,0,,0,0,0,0,0,0,1,0,0,0,0
4,63,0,1,0,1,60,,,,,,,1,66,5,1,blake_07,180,40,1,0,60,0,0,,0,0,0,0,0,0,0,,0,0,0,0,0,0,1,0,0,0,0
4,64,0,1,0,1,60,,,,,,,1,86,60,1,blake_06,36,40,1,0,60,0,0,,0,0,0,0,0,0,0,,0,0,0,0,0,0,1,0,0,0,0
5,1,0,1,0,1,60,,,,,,,1,8,6,1,blake_06,108,40,1,0,60,0,0,,0,0,0,0,0,0,0,,0,0,0,0,0,0,1,0,0,0,0
5,2,0,1,0,1,60,,,,,,,1,65,43,1,blake_07,288,40,1,0,60,0,0,,0,0,0,0,0,0,0,,0,0,0,0,0,0,1,0,0,0,0
5,3,0,1,0,1,60,,,,,,,1,57,23,1,blake_01,288,40,1,0,60,0,0,,0,0,0,0,0,0,0,,0,0,0,0,0,0,1,0,0,0,0
5,4,0,1,0,1,60,,,,,,,1,35,94,1,blake_07,126,40,1,0,60,0,0,,0,0,0,0,0,0,0,,0,0,0,0,0,0,1,0,0,0,0
5,5,0,1,0,1,60,,,,,,,1,74,51,1,blake_12,252,40,1,0,60,0,0,,0,0,0,0,0,0,0,,0,0,0,0,0,0,1,0,0,0,0
5,6,0,1,0,1,60,,,,,,,1,94,81,1,blake_06,342,40,1,0,60,0,0,,0,0,0,0,0,0,0,,0,0,0,0,0,0,1,0,0,0,0
5,7,0,1,0,1,60,,,,,,,1,35,51,1,blake_07,0,40,1,0,60,0,0,,0,0,0,0,0,0,0,,0,0,0,0,0,0,1,0,0,0,0
5,8,0,1,0,1,60,,,,,,,1,13,17,1,blake_01,90,40,1,0,60,0,0,,0,0,0,0,0,0,0,,0,0,0,0,0,0,1,0,0,0,0
5,9,0,1,0,1,60,,,,,,,1,63,96,1,blake_08,36,40,1,0,60,0,0,,0,0,0,0,0,0,0,,0,0,0,0,0,0,1,0,0,0,0
5,10,0,1,0,1,60,,,,,,,1,26,83,1,blake_04,288,40,1,0,60,0,0,,0,0,0,0,0,0,0,,0,0,0,0,0,0,1,0,0,0,0
5,11,0,1,0,1,60,,,,,,,1,84,66,1,blake_11,306,40,1,0,60,0,0,,0,0,0,0,0,0,0,,0,0,0,0,0,0,1,0,0,0,0
5,12,0,1,0,1,60,,,,,,,1,39,9,1,blake_01,90,40,1,0,60,0,0,,0,0,0,0,0,0,0,,0,0,0,0,0,0,1,0,0,0,0
5,13,0,1,0,1,60,,,,,,,1,91,93,1,blake_07,72,40,1,0,60,0,0,,0,0,0,0,0,0,0,,0,0,0,0,0,0,1,0,0,0,0
5,14,0,1,0,1,60,,,,,,,1,18,51,1,blake_11,18,40,1,0,60,0,0,,0,0,0,0,0,0,0,,0,0,0,0,0,0,1,0,0,0,0
5,15,0,1,0,1,60,,,,,,,1,91,89,1,blake_12,54,40,1,0,60,0,0,,0,0,0,0,0,0,0,,0,0,0,0,0,0,1,0,0,0,0
5,16,0,1,0,1,60,,,,,,,1,39,12,1,blake_10,162,40,1,0,60,0,0,,0,0,0,0,0,0,0,,0,0,0,0,0,0,1,0,0,0,0
5,17,0,1,0,1,60,,,,,,,1,86,10,1,blake_08,108,40,1,0,60,0,0,,0,0,0,0,0,0,0,,0,0,0,0,0,0,1,0,0,0,0
5,18,0,1,0,1,60,,,,,,,1,24,64,1,blake_04,180,40,1,0,60,0,0,,0,0,0,0,0,0,0,,0,0,0,0,0,0,1,0,0,0,0
5,19,0,1,0,1,60,,,,,,,1,71,92,1,blake_06,108,40,1,0,60,0,0,,0,0,0,0,0,0,0,,0,0,0,0,0,0,1,0,0,0,0
5,20,0,1,0,1,60,,,,,,,1,63,6,1,blake_06,180,40,1,0,60,0,0,,0,0,0,0,0,0,0,,0,0,0,0,0,0,1,0,0,0,0
5,21,0,1,0,1,60,,,,,,,1,18,6,1,blake_10,0,40,1,0,60,0,0,,0,0,0,0,0,0,0,,0,0,0,0,0,0,1,0,0,0,0
5,22,0,1,0,1,60,,,,,,,1,26,77,1,blake_01,108,40,1,0,60,0,0,,0,0,0,0,0,0,0,,0,0,0,0,0,0,1,0,0,0,0
5,23,0,1,0,1,60,,,,,,,1,87,70,1,blake_08,252,40,1,0,60,0,0,,0,0,0,0,0,0,0,,0,0,0,0,0,0,1,0,0,0,0
5,24,0,1,0,1,60,,,,,,,1,65,35,1,blake_12,324,40,1,0,60,0,0,,0,0,0,0,0,0,0,,0,0,0,0,0,0,1,0,0,0,0
5,25,0,1,0,1,60,,,,,,,1,98,25,1,blake_10,306,40,1,0,60,0,0,,0,0,0,0,0,0,0,,0,0,0,0,0,0,1,0,0,0,0
5,26,0,1,0,1,60,,,,,,,1,88,86,1,blake_10,108,40,1,0,60,0,0,,0,0,0,0,0,0,0,,0,0,0,0,0,0,1,0,0,0,0
5,27,0,1,0,1,60,,,,,,,1,81,59,1,blake_04,144,40,1,0,60,0,0,,0,0,0,0,0,0,0,,0,0,0,0,0,0,1,0,0,0,0
5,28,0,1,0,1,60,,,,,,,1,22,49,1,blake_11,18,40,1,0,60,0,0,,0,0,0,0,0,0,0,,0,0,0,0,0,0,1,0,0,0,0
5,29,0,1,0,1,60,,,,,,,1,16,4,1,blake_07,324,40,1,0,60,0,0,,0,0,0,0,0,0,0,,0,0,0,0,0,0,1,0,0,0,0
5,30,0,1,0,1,60,,,,,,,1,39,40,1,blake_01,306,40,1,0,60,0,0,,0,0,0,0,0,0,0,,0,0,0,0,0,0,1,0,0,0,0
5,31,0,1,0,1,60,,,,,,,1,60,29,1,blake_04,54,40,1,0,60,0,0,,0,0,0,0,0,0,0,,0,0,0,0,0,0,1,0,0,0,0
5,32,0,1,0,1,60,,,,,,,1,43,51,1,blake_01,18,40,1,0,60,0,0,,0,0,0,0,0,0,0,,0,0,0,0,0,0,1,0,0,0,0
5,33,0,1,0,1,60,,,,,,,1,76,93,1,blake_08,342,40,1,0,60,0,0,,0,0,0,0,0,0,0,,0,0,0,0,0,0,1,0,0,0,0
5,34,0,1,0,1,60,,,,,,,1,66,15,1,blake_07,198,40,1,0,60,0,0,,0,0,0,0,0,0,0,,0,0,0,0,0,0,1,0,0,0,0
5,35,0,1,0,1,60,,,,,,,1,18,57,1,blake_08,126,40,1,0,60,0,0,,0,0,0,0,0,0,0,,0,0,0,0,0,0,1,0,0,0,0
5,36,0,1,0,1,60,,,,,,,1,62,44,1,blake_07,72,40,1,0,60,0,0,,0,0,0,0,0,0,0,,0,0,0,0,0,0,1,0,0,0,0
5,37,0,1,0,1,60,,,,,,,1,8,65,1,blake_01,216,40,1,0,60,0,0,,0,0,0,0,0,0,0,,0,0,0,0,0,0,1,0,0,0,0
5,38,0,1,0,1,60,,,,,,,1,18,39,1,blake_08,108,40,1,0,60,0,0,,0,0,0,0,0,0,0,,0,0,0,0,0,0,1,0,0,0,0
5,39,0,1,0,1,60,,,,,,,1,94,67,1,blake_07,306,40,1,0,60,0,0,,0,0,0,0,0,0,0,,0,0,0,0,0,0,1,0,0,0,0
5,40,0,1,0,1,60,,,,,,,1,25,88,1,blake_11,342,40,1,0,60,0,0,,0,0,0,0,0,0,0,,0,0,0,0,0,0,1,0,0,0,0
5,41,0,1,0,1,60,,,,,,,1,87,4,1,blake_08,342,40,1,0,60,0,0,,0,0,0,0,0,0,0,,0,0,0,0,0,0,1,0,0,0,0
5,42,0,1,0,1,60,,,,,,,1,39,92,1,blake_07,234,40,1,0,60,0,0,,0,0,0,0,0,0,0,,0,0,0,0,0,0,1,0,0,0,0
5,43,0,1,0,1,60,,,,,,,1,74,85,1,blake_04,162,40,1,0,60,0,0,,0,0,0,0,0,0,0,,0,0,0,0,0,0,1,0,0,0,0
5,44,0,1,0,1,60,,,,,,,1,45,98,1,blake_01,126,40,1,0,60,0,0,,0,0,0,0,0,0,0,,0,0,0,0,0,0,1,0,0,0,0
5,45,0,1,0,1,60,,,,,,,1,75,87,1,blake_08,162,40,1,0,60,0,0,,0,0,0,0,0,0,0,,0,0,0,0,0,0,1,0,0,0,0
5,46,0,1,0,1,60,,,,,,,1,4,84,1,blake_10,324,40,1,0,60,0,0,,0,0,0,0,0,0,0,,0,0,0,0,0,0,1,0,0,0,0
5,47,0,1,0,1,60,,,,,,,1,83,57,1,blake_08,306,40,1,0,60,0,0,,0,0,0,0,0,0,0,,0,0,0,0,0,0,1,0,0,0,0
5,48,0,1,0,1,60,,,,,,,1,54,16,1,blake_01,252,40,1,0,60,0,0,,0,0,0,0,0,0,0,,0,0,0,0,0,0,1,0,0,0,0
5,49,0,1,0,1,60,,,,,,,1,29,14,1,blake_06,162,40,1,0,60,0,0,,0,0,0,0,0,0,0,,0,0,0,0,0,0,1,0,0,0,0
5,50,0,1,0,1,60,,,,,,,1,67,81,1,blake_12,90,40,1,0,60,0,0,,0,0,0,0,0,0,0,,0,0,0,0,0,0,1,0,0,0,0
5,51,0,1,0,1,60,,,,,,,1,6,38,1,blake_06,198,40,1,0,60,0,0,,0,0,0,0,0,0,0,,0,0,0,0,0,0,1,0,0,0,0
5,52,0,1,0,1,60,,,,,,,1,92,96,1,blake_01,108,40,1,0,60,0,0,,0,0,0,0,0,0,0,,0,0,0,0,0,0,1,0,0,0,0
5,53,0,1,0,1,60,,,,,,,1,20,51,1,blake_10,126,40,1,0,60,0,0,,0,0,0,0,0,0,0,,0,0,0,0,0,0,1,0,0,0,0
5,54,0,1,0,1,60,,,,,,,1,39,48,1,blake_08,126,40,1,0,60,0,0,,0,0,0,0,0,0,0,,0,0,0,0,0,0,1,0,0,0,0
5,55,0,1,0,1,60,,,,,,,1,36,48,1,blake_06,162,40,1,0,60,0,0,,0,0,0,0,0,0,0,,0,0,0,0,0,0,1,0,0,0,0
5,56,0,1,0,1,60,,,,,,,1,75,57,1,blake_08,216,40,1,0,60,0,0,,0,0,0,0,0,0,0,,0,0,0,0,0,0,1,0,0,0,0
5,57,0,1,0,1,60,,,,,,,1,42,5,1,blake_11,0,40,1,0,60,0,0,,0,0,0,0,0,0,0,,0,0,0,0,0,0,1,0,0,0,0
5,58,0,1,0,1,60,,,,,,,1,8,26,1,blake_06,18,40,1,0,60,0,0,,0,0,0,0,0,0,0,,0,0,0,0,0,0,1,0,0,0,0
5,59,0,1,0,1,60,,,,,,,1,98,58,1,blake_07,288,40,1,0,60,0,0,,0,0,0,0,0,0,0,,0,0,0,0,0,0,1,0,0,0,0
5,60,0,1,0,1,60,,,,,,,1,90,88,1,blake_10,252,40,1,0,60,0,0,,0,0,0,0,0,0,0,,0,0,0,0,0,0,1,0,0,0,0
5,61,0,1,0,1,60,,,,,,,1,71,24,1,blake_01,198,40,1,0,60,0,0,,0,0,0,0,0,0,0,,0,0,0,0,0,0,1,0,0,0,0
5,62,0,1,0,1,60,,,,,,,1,3,14,1,blake_11,126,40,1,0,60,0,0,,0,0,0,0,0,0,0,,0,0,0,0,0,0,1,0,0,0,0
5,63,0,1,0,1,60,,,,,,,1,40,16,1,blake_11,162,40,1,0,60,0,0,,0,0,0,0,0,0,0,,0,0,0,0,0,0,1,0,0,0,0
5,64,0,1,0,1,60,,,,,,,1,62,65,1,blake_11,342,40,1,0,60,0,0,,0,0,0,0,0,0,0,,0,0,0,0,0,0,1,0,0,0,0
6,1,0,1,0,1,60,,,,,,,1,23,12,1,blake_04,324,40,1,0,60,0,0,,0,0,0,0,0,0,0,,0,0,0,0,0,0,1,0,0,0,0
6,2,0,1,0,1,60,,,,,,,1,28,57,1,blake_06,144,40,1,0,60,0,0,,0,0,0,0,0,0,0,,0,0,0,0,0,0,1,0,0,0,0
6,3,0,1,0,1,60,,,,,,,1,32,59,1,blake_01,288,40,1,0,60,0,0,,0,0,0,0,0,0,0,,0,0,0,0,0,0,1,0,0,0,0
6,4,0,1,0,1,60,,,,,,,1,10,13,1,blake_04,54,40,1,0,60,0,0,,0,0,0,0,0,0,0,,0,0,0,0,0,0,1,0,0,0,0
6,5,0,1,0,1,60,,,,,,,1,76,40,1,blake_11,324,40,1,0,60,0,0,,0,0,0,0,0,0,0,,0,0,0,0,0,0,1,0,0,0,0
6,6,0,1,0,1,60,,,,,,,1,9,81,1,blake_08,324,40,1,0,60,0,0,,0,0,0,0,0,0,0,,0,0,0,0,0,0,1,0,0,0,0
6,7,0,1,0,1,60,,,,,,,1,2,99,1,blake_04,108,40,1,0,60,0,0,,0,0,0,0,0,0,0,,0,0,0,0,0,0,1,0,0,0,0
6,8,0,1,0,1,60,,,,,,,1,40,74,1,blake_07,270,40,1,0,60,0,0,,0,0,0,0,0,0,0,,0,0,0,0,0,0,1,0,0,0,0
6,9,0,1,0,1,60,,,,,,,1,80,53,1,blake_12,108,40,1,0,60,0,0,,0,0,0,0,0,0,0,,0,0,0,0,0,0,1,0,0,0,0
6,10,0,1,0,1,60,,,,,,,1,81,35,1,blake_08,198,40,1,0,60,0,0,,0,0,0,0,0,0,0,,0,0,0,0,0,0,1,0,0,0,0
6,11,0,1,0,1,60,,,,,,,1,14,36,1,blake_04,306,40,1,0,60,0,0,,0,0,0,0,0,0,0,,0,0,0,0,0,0,1,0,0,0,0
6,12,0,1,0,1,60,,,,,,,1,59,45,1,blake_04,234,40,1,0,60,0,0,,0,0,0,0,0,0,0,,0,0,0,0,0,0,1,0,0,0,0
6,13,0,1,0,1,60,,,,,,,1,46,79,1,blake_06,180,40,1,0,60,0,0,,0,0,0,0,0,0,0,,0,0,0,0,0,0,1,0,0,0,0
6,14,0,1,0,1,60,,,,,,,1,33,66,1,blake_08,126,40,1,0,60,0,0,,0,0,0,0,0,0,0,,0,0,0,0,0,0,1,0,0,0,0
6,15,0,1,0,1,60,,,,,,,1,38,19,1,blake_04,90,40,1,0,60,0,0,,0,0,0,0,0,0,0,,0,0,0,0,0,0,1,0,0,0,0
6,16,0,1,0,1,60,,,,,,,1,95,86,1,blake_07,126,40,1,0,60,0,0,,0,0,0,0,0,0,0,,0,0,0,0,0,0,1,0,0,0,0
6,17,0,1,0,1,60,,,,,,,1,69,62,1,blake_10,36,40,1,0,60,0,0,,0,0,0,0,0,0,0,,0,0,0,0,0,0,1,0,0,0,0
6,18,0,1,0,1,60,,,,,,,1,73,91,1,blake_11,126,40,1,0,60,0,0,,0,0,0,0,0,0,0,,0,0,0,0,0,0,1,0,0,0,0
6,19,0,1,0,1,60,,,,,,,1,30,31,1,blake_07,270,40,1,0,60,0,0,,0,0,0,0,0,0,0,,0,0,0,0,0,0,1,0,0,0,0
6,20,0,1,0,1,60,,,,,,,1,16,41,1,blake_10,0,40,1,0,60,0,0,,0,0,0,0,0,0,0,,0,0,0,0,0,0,1,0,0,0,0
6,21,0,1,0,1,60,,,,,,,1,67,37,1,blake_01,324,40,1,0,60,0,0,,0,0,0,0,0,0,0,,0,0,0,0,0,0,1,0,0,0,0
6,22,0,1,0,1,60,,,,,,,1,66,76,1,blake_12,72,40,1,0,60,0,0,,0,0,0,0,0,0,0,,0,0,0,0,0,0,1,0,0,0,0
6,23,0,1,0,1,60,,,,,,,1,95,71,1,blake_12,324,40,1,0,60,0,0,,0,0,0,0,0,0,0,,0,0,0,0,0,0,1,0,0,0,0
6,24,0,1,0,1,60,,,,,,,1,14,4,1,blake_04,144,40,1,0,60,0,0,,0,0,0,0,0,0,0,,0,0,0,0,0,0,1,0,0,0,0
6,25,0,1,0,1,60,,,,,,,1,4,27,1,blake_08,108,40,1,0,60,0,0,,0,0,0,0,0,0,0,,0,0,0,0,0,0,1,0,0,0,0
6,26,0,1,0,1,60,,,,,,,1,56,17,1,blake_11,36,40,1,0,60,0,0,,0,0,0,0,0,0,0,,0,0,0,0,0,0,1,0,0,0,0
6,27,0,1,0,1,60,,,,,,,1,38,7,1,blake_01,90,40,1,0,60,0,0,,0,0,0,0,0,0,0,,0,0,0,0,0,0,1,0,0,0,0
6,28,0,1,0,1,60,,,,,,,1,28,38,1,blake_01,36,40,1,0,60,0,0,,0,0,0,0,0,0,0,,0,0,0,0,0,0,1,0,0,0,0
6,29,0,1,0,1,60,,,,,,,1,12,38,1,blake_12,162,40,1,0,60,0,0,,0,0,0,0,0,0,0,,0,0,0,0,0,0,1,0,0,0,0
6,30,0,1,0,1,60,,,,,,,1,84,48,1,blake_12,126,40,1,0,60,0,0,,0,0,0,0,0,0,0,,0,0,0,0,0,0,1,0,0,0,0
6,31,0,1,0,1,60,,,,,,,1,58,67,1,blake_04,90,40,1,0,60,0,0,,0,0,0,0,0,0,0,,0,0,0,0,0,0,1,0,0,0,0
6,32,0,1,0,1,60,,,,,,,1,72,20,1,blake_07,90,40,1,0,60,0,0,,0,0,0,0,0,0,0,,0,0,0,0,0,0,1,0,0,0,0
6,33,0,1,0,1,60,,,,,,,1,90,95,1,blake_10,72,40,1,0,60,0,0,,0,0,0,0,0,0,0,,0,0,0,0,0,0,1,0,0,0,0
6,34,0,1,0,1,60,,,,,,,1,49,76,1,blake_11,288,40,1,0,60,0,0,,0,0,0,0,0,0,0,,0,0,0,0,0,0,1,0,0,0,0
6,35,0,1,0,1,60,,,,,,,1,46,7,1,blake_12,216,40,1,0,60,0,0,,0,0,0,0,0,0,0,,0,0,0,0,0,0,1,0,0,0,0
6,36,0,1,0,1,60,,,,,,,1,94,65,1,blake_08,126,40,1,0,60,0,0,,0,0,0,0,0,0,0,,0,0,0,0,0,0,1,0,0,0,0
6,37,0,1,0,1,60,,,,,,,1,24,18,1,blake_11,36,40,1,0,60,0,0,,0,0,0,0,0,0,0,,0,0,0,0,0,0,1,0,0,0,0
6,38,0,1,0,1,60,,,,,,,1,99,44,1,blake_12,54,40,1,0,60,0,0,,0,0,0,0,0,0,0,,0,0,0,0,0,0,1,0,0,0,0
6,39,0,1,0,1,60,,,,,,,1,43,98,1,blake_11,306,40,1,0,60,0,0,,0,0,0,0,0,0,0,,0,0,0,0,0,0,1,0,0,0,0
6,40,0,1,0,1,60,,,,,,,1,67,34,1,blake_08,342,40,1,0,60,0,0,,0,0,0,0,0,0,0,,0,0,0,0,0,0,1,0,0,0,0
6,41,0,1,0,1,60,,,,,,,1,49,63,1,blake_07,324,40,1,0,60,0,0,,0,0,0,0,0,0,0,,0,0,0,0,0,0,1,0,0,0,0
6,42,0,1,0,1,60,,,,,,,1,15,25,1,blake_06,252,40,1,0,60,0,0,,0,0,0,0,0,0,0,,0,0,0,0,0,0,1,0,0,0,0
6,43,0,1,0,1,60,,,,,,,1,24,26,1,blake_11,108,40,1,0,60,0,0,,0,0,0,0,0,0,0,,0,0,0,0,0,0,1,0,0,0,0
6,44,0,1,0,1,60,,,,,,,1,16,94,1,blake_07,36,40,1,0,60,0,0,,0,0,0,0,0,0,0,,0,0,0,0,0,0,1,0,0,0,0
6,45,0,1,0,1,60,,,,,,,1,27,99,1,blake_01,252,40,1,0,60,0,0,,0,0,0,0,0,0,0,,0,0,0,0,0,0,1,0,0,0,0
6,46,0,1,0,1,60,,,,,,,1,33,93,1,blake_04,216,40,1,0,60,0,0,,0,0,0,0,0,0,0,,0,0,0,0,0,0,1,0,0,0,0
6,47,0,1,0,1,60,,,,,,,1,50,88,1,blake_08,162,40,1,0,60,0,0,,0,0,0,0,0,0,0,,0,0,0,0,0,0,1,0,0,0,0
6,48,0,1,0,1,60,,,,,,,1,67,61,1,blake_10,126,40,1,0,60,0,0,,0,0,0,0,0,0,0,,0,0,0,0,0,0,1,0,0,0,0
6,49,0,1,0,1,60,,,,,,,1,54,17,1,blake_06,36,40,1,0,60,0,0,,0,0,0,0,0,0,0,,0,0,0,0,0,0,1,0,0,0,0
6,50,0,1,0,1,60,,,,,,,1,1,10,1,blake_12,306,40,1,0,60,0,0,,0,0,0,0,0,0,0,,0,0,0,0,0,0,1,0,0,0,0
6,51,0,1,0,1,60,,,,,,,1,97,6,1,blake_08,306,40,1,0,60,0,0,,0,0,0,0,0,0,0,,0,0,0,0,0,0,1,0,0,0,0
6,52,0,1,0,1,60,,,,,,,1,88,36,1,blake_07,288,40,1,0,60,0,0,,0,0,0,0,0,0,0,,0,0,0,0,0,0,1,0,0,0,0
6,53,0,1,0,1,60,,,,,,,1,3,46,1,blake_06,306,40,1,0,60,0,0,,0,0,0,0,0,0,0,,0,0,0,0,0,0,1,0,0,0,0
6,54,0,1,0,1,60,,,,,,,1,58,65,1,blake_12,72,40,1,0,60,0,0,,0,0,0,0,0,0,0,,0,0,0,0,0,0,1,0,0,0,0
6,55,0,1,0,1,60,,,,,,,1,37,37,1,blake_12,162,40,1,0,60,0,0,,0,0,0,0,0,0,0,,0,0,0,0,0,0,1,0,0,0,0
6,56,0,1,0,1,60,,,,,,,1,48,12,1,blake_04,18,40,1,0,60,0,0,,0,0,0,0,0,0,0,,0,0,0,0,0,0,1,0,0,0,0
6,57,0,1,0,1,60,,,,,,,1,33,99,1,blake_10,108,40,1,0,60,0,0,,0,0,0,0,0,0,0,,0,0,0,0,0,0,1,0,0,0,0
6,58,0,1,0,1,60,,,,,,,1,51,45,1,blake_06,180,40,1,0,60,0,0,,0,0,0,0,0,0,0,,0,0,0,0,0,0,1,0,0,0,0
6,59,0,1,0,1,60,,,,,,,1,20,98,1,blake_12,252,40,1,0,60,0,0,,0,0,0,0,0,0,0,,0,0,0,0,0,0,1,0,0,0,0
6,60,0,1,0,1,60,,,,,,,1,5,36,1,blake_04,90,40,1,0,60,0,0,,0,0,0,0,0,0,0,,0,0,0,0,0,0,1,0,0,0,0
6,61,0,1,0,1,60,,,,,,,1,83,61,1,blake_04,162,40,1,0,60,0,0,,0,0,0,0,0,0,0,,0,0,0,0,0,0,1,0,0,0,0
6,62,0,1,0,1,60,,,,,,,1,78,76,1,blake_07,18,40,1,0,60,0,0,,0,0,0,0,0,0,0,,0,0,0,0,0,0,1,0,0,0,0
6,63,0,1,0,1,60,,,,,,,1,83,21,1,blake_07,216,40,1,0,60,0,0,,0,0,0,0,0,0,0,,0,0,0,0,0,0,1,0,0,0,0
6,64,0,1,0,1,60,,,,,,,1,65,93,1,blake_01,18,40,1,0,60,0,0,,0,0,0,0,0,0,0,,0,0,0,0,0,0,1,0,0,0,0
7,1,0,1,0,1,60,,,,,,,1,90,4,1,blake_06,180,40,1,0,60,0,0,,0,0,0,0,0,0,0,,0,0,0,0,0,0,1,0,0,0,0
7,2,0,1,0,1,60,,,,,,,1,8,50,1,blake_12,90,40,1,0,60,0,0,,0,0,0,0,0,0,0,,0,0,0,0,0,0,1,0,0,0,0
7,3,0,1,0,1,60,,,,,,,1,67,80,1,blake_01,126,40,1,0,60,0,0,,0,0,0,0,0,0,0,,0,0,0,0,0,0,1,0,0,0,0
7,4,0,1,0,1,60,,,,,,,1,32,36,1,blake_06,216,40,1,0,60,0,0,,0,0,0,0,0,0,0,,0,0,0,0,0,0,1,0,0,0,0
7,5,0,1,0,1,60,,,,,,,1,9,15,1,blake_10,126,40,1,0,60,0,0,,0,0,0,0,0,0,0,,0,0,0,0,0,0,1,0,0,0,0
7,6,0,1,0,1,60,,,,,,,1,76,69,1,blake_01,54,40,1,0,60,0,0,,0,0,0,0,0,0,0,,0,0,0,0,0,0,1,0,0,0,0
7,7,0,1,0,1,60,,,,,,,1,89,6,1,blake_01,54,40,1,0,60,0,0,,0,0,0,0,0,0,0,,0,0,0,0,0,0,1,0,0,0,0
7,8,0,1,0,1,60,,,,,,,1,69,10,1,blake_10,234,40,1,0,60,0,0,,0,0,0,0,0,0,0,,0,0,0,0,0,0,1,0,0,0,0
7,9,0,1,0,1,60,,,,,,,1,76,53,1,blake_11,342,40,1,0,60,0,0,,0,0,0,0,0,0,0,,0,0,0,0,0,0,1,0,0,0,0
7,10,0,1,0,1,60,,,,,,,1,86,29,1,blake_08,108,40,1,0,60,0,0,,0,0,0,0,0,0,0,,0,0,0,0,0,0,1,0,0,0,0
7,11,0,1,0,1,60,,,,,,,1,51,5,1,blake_01,18,40,1,0,60,0,0,,0,0,0,0,0,0,0,,0,0,0,0,0,0,1,0,0,0,0
7,12,0,1,0,1,60,,,,,,,1,64,43,1,blake_01,126,40,1,0,60,0,0,,0,0,0,0,0,0,0,,0,0,0,0,0,0,1,0,0,0,0
7,13,0,1,0,1,60,,,,,,,1,55,98,1,blake_08,162,40,1,0,60,0,0,,0,0,0,0,0,0,0,,0,0,0,0,0,0,1,0,0,0,0
7,14,0,1,0,1,60,,,,,,,1,69,86,1,blake_12,288,40,1,0,60,0,0,,0,0,0,0,0,0,0,,0,0,0,0,0,0,1,0,0,0,0
7,15,0,1,0,1,60,,,,,,,1,31,79,1,blake_12,144,40,1,0,60,0,0,,0,0,0,0,0,0,0,,0,0,0,0,0,0,1,0,0,0,0
7,16,0,1,0,1,60,,,,,,,1,6,69,1,blake_07,72,40,1,0,60,0,0,,0,0,0,0,0,0,0,,0,0,0,0,0,0,1,0,0,0,0
7,17,0,1,0,1,60,,,,,,,1,57,27,1,blake_04,126,40,1,0,60,0,0,,0,0,0,0,0,0,0,,0,0,0,0,0,0,1,0,0,0,0
7,18,0,1,0,1,60,,,,,,,1,32,32,1,blake_04,216,40,1,0,60,0,0,,0,0,0,0,0,0,0,,0,0,0,0,0,0,1,0,0,0,0
7,19,0,1,0,1,60,,,,,,,1,75,10,1,blake_04,288,40,1,0,60,0,0,,0,0,0,0,0,0,0,,0,0,0,0,0,0,1,0,0,0,0
7,20,0,1,0,1,60,,,,,,,1,48,30,1,blake_04,36,40,1,0,60,0,0,,0,0,0,0,0,0,0,,0,0,0,0,0,0,1,0,0,0,0
7,21,0,1,0,1,60,,,,,,,1,14,93,1,blake_11,108,40,1,0,60,0,0,,0,0,0,0,0,0,0,,0,0,0,0,0,0,1,0,0,0,0
7,22,0,1,0,1,60,,,,,,,1,37,52,1,blake_01,18,40,1,0,60,0,0,,0,0,0,0,0,0,0,,0,0,0,0,0,0,1,0,0,0,0
7,23,0,1,0,1,60,,,,,,,1,43,39,1,blake_04,342,40,1,0,60,0,0,,0,0,0,0,0,0,0,,0,0,0,0,0,0,1,0,0,0,0
7,24,0,1,0,1,60,,,,,,,1,18,1,1,blake_06,72,40,1,0,60,0,0,,0,0,0,0,0,0,0,,0,0,0,0,0,0,1,0,0,0,0
7,25,0,1,0,1,60,,,,,,,1,50,30,1,blake_12,162,40,1,0,60,0,0,,0,0,0,0,0,0,0,,0,0,0,0,0,0,1,0,0,0,0
7,26,0,1,0,1,60,,,,,,,1,67,52,1,blake_04,306,40,1,0,60,0,0,,0,0,0,0,0,0,0,,0,0,0,0,0,0,1,0,0,0,0
7,27,0,1,0,1,60,,,,,,,1,50,34,1,blake_07,234,40,1,0,60,0,0,,0,0,0,0,0,0,0,,0,0,0,0,0,0,1,0,0,0,0
7,28,0,1,0,1,60,,,,,,,1,99,25,1,blake_01,288,40,1,0,60,0,0,,0,0,0,0,0,0,0,,0,0,0,0,0,0,1,0,0,0,0
7,29,0,1,0,1,60,,,,,,,1,34,44,1,blake_01,162,40,1,0,60,0,0,,0,0,0,0,0,0,0,,0,0,0,0,0,0,1,0,0,0,0
7,30,0,1,0,1,60,,,,,,,1,96,81,1,blake_06,36,40,1,0,60,0,0,,0,0,0,0,0,0,0,,0,0,0,0,0,0,1,0,0,0,0
7,31,0,1,0,1,60,,,,,,,1,98,11,1,blake_01,306,40,1,0,60,0,0,,0,0,0,0,0,0,0,,0,0,0,0,0,0,1,0,0,0,0
7,32,0,1,0,1,60,,,,,,,1,35,42,1,blake_04,252,40,1,0,60,0,0,,0,0,0,0,0,0,0,,0,0,0,0,0,0,1,0,0,0,0
7,33,0,1,0,1,60,,,,,,,1,74,16,1,blake_08,162,40,1,0,60,0,0,,0,0,0,0,0,0,0,,0,0,0,0,0,0,1,0,0,0,0
7,34,0,1,0,1,60,,,,,,,1,3,39,1,blake_11,288,40,1,0,60,0,0,,0,0,0,0,0,0,0,,0,0,0,0,0,0,1,0,0,0,0
7,35,0,1,0,1,60,,,,,,,1,4,71,1,blake_12,252,40,1,0,60,0,0,,0,0,0,0,0,0,0,,0,0,0,0,0,0,1,0,0,0,0
7,36,0,1,0,1,60,,,,,,,1,94,70,1,blake_06,252,40,1,0,60,0,0,,0,0,0,0,0,0,0,,0,0,0,0,0,0,1,0,0,0,0
7,37,0,1,0,1,60,,,,,,,1,95,14,1,blake_12,72,40,1,0,60,0,0,,0,0,0,0,0,0,0,,0,0,0,0,0,0,1,0,0,0,0
7,38,0,1,0,1,60,,,,,,,1,65,43,1,blake_07,288,40,1,0,60,0,0,,0,0,0,0,0,0,0,,0,0,0,0,0,0,1,0,0,0,0
7,39,0,1,0,1,60,,,,,,,1,75,19,1,blake_11,18,40,1,0,60,0,0,,0,0,0,0,0,0,0,,0,0,0,0,0,0,1,0,0,0,0
7,40,0,1,0,1,60,,,,,,,1,24,26,1,blake_04,324,40,1,0,60,0,0,,0,0,0,0,0,0,0,,0,0,0,0,0,0,1,0,0,0,0
7,41,0,1,0,1,60,,,,,,,1,30,5,1,blake_12,0,40,1,0,60,0,0,,0,0,0,0,0,0,0,,0,0,0,0,0,0,1,0,0,0,0
7,42,0,1,0,1,60,,,,,,,1,50,95,1,blake_06,0,40,1,0,60,0,0,,0,0,0,0,0,0,0,,0,0,0,0,0,0,1,0,0,0,0
7,43,0,1,0,1,60,,,,,,,1,71,39,1,blake_12,180,40,1,0,60,0,0,,0,0,0,0,0,0,0,,0,0,0,0,0,0,1,0,0,0,0
7,44,0,1,0,1,60,,,,,,,1,90,65,1,blake_12,270,40,1,0,60,0,0,,0,0,0,0,0,0,0,,0,0,0,0,0,0,1,0,0,0,0
7,45,0,1,0,1,60,,,,,,,1,76,29,1,blake_12,270,40,1,0,60,0,0,,0,0,0,0,0,0,0,,0,0,0,0,0,0,1,0,0,0,0
7,46,0,1,0,1,60,,,,,,,1,48,85,1,blake_06,288,40,1,0,60,0,0,,0,0,0,0,0,0,0,,0,0,0,0,0,0,1,0,0,0,0
7,47,0,1,0,1,60,,,,,,,1,80,44,1,blake_08,324,40,1,0,60,0,0,,0,0,0,0,0,0,0,,0,0,0,0,0,0,1,0,0,0,0
7,48,0,1,0,1,60,,,,,,,1,30,49,1,blake_01,162,40,1,0,60,0,0,,0,0,0,0,0,0,0,,0,0,0,0,0,0,1,0,0,0,0
7,49,0,1,0,1,60,,,,,,,1,27,6,1,blake_10,18,40,1,0,60,0,0,,0,0,0,0,0,0,0,,0,0,0,0,0,0,1,0,0,0,0
7,50,0,1,0,1,60,,,,,,,1,52,96,1,blake_11,162,40,1,0,60,0,0,,0,0,0,0,0,0,0,,0,0,0,0,0,0,1,0,0,0,0
7,51,0,1,0,1,60,,,,,,,1,76,2,1,blake_04,324,40,1,0,60,0,0,,0,0,0,0,0,0,0,,0,0,0,0,0,0,1,0,0,0,0
7,52,0,1,0,1,60,,,,,,,1,90,19,1,blake_01,72,40,1,0,60,0,0,,0,0,0,0,0,0,0,,0,0,0,0,0,0,1,0,0,0,0
7,53,0,1,0,1,60,,,,,,,1,38,89,1,blake_11,108,40,1,0,60,0,0,,0,0,0,0,0,0,0,,0,0,0,0,0,0,1,0,0,0,0
7,54,0,1,0,1,60,,,,,,,1,88,57,1,blake_01,144,40,1,0,60,0,0,,0,0,0,0,0,0,0,,0,0,0,0,0,0,1,0,0,0,0
7,55,0,1,0,1,60,,,,,,,1,99,13,1,blake_10,306,40,1,0,60,0,0,,0,0,0,0,0,0,0,,0,0,0,0,0,0,1,0,0,0,0
7,56,0,1,0,1,60,,,,,,,1,38,54,1,blake_06,198,40,1,0,60,0,0,,0,0,0,0,0,0,0,,0,0,0,0,0,0,1,0,0,0,0
7,57,0,1,0,1,60,,,,,,,1,77,33,1,blake_11,72,40,1,0,60,0,0,,0,0,0,0,0,0,0,,0,0,0,0,0,0,1,0,0,0,0
7,58,0,1,0,1,60,,,,,,,1,6,14,1,blake_12,252,40,1,0,60,0,0,,0,0,0,0,0,0,0,,0,0,0,0,0,0,1,0,0,0,0
7,59,0,1,0,1,60,,,,,,,1,97,76,1,blake_08,288,40,1,0,60,0,0,,0,0,0,0,0,0,0,,0,0,0,0,0,0,1,0,0,0,0
7,60,0,1,0,1,60,,,,,,,1,99,64,1,blake_04,162,40,1,0,60,0,0,,0,0,0,0,0,0,0,,0,0,0,0,0,0,1,0,0,0,0
7,61,0,1,0,1,60,,,,,,,1,89,33,1,blake_01,270,40,1,0,60,0,0,,0,0,0,0,0,0,0,,0,0,0,0,0,0,1,0,0,0,0
7,62,0,1,0,1,60,,,,,,,1,72,86,1,blake_11,216,40,1,0,60,0,0,,0,0,0,0,0,0,0,,0,0,0,0,0,0,1,0,0,0,0
7,63,0,1,0,1,60,,,,,,,1,17,22,1,blake_04,324,40,1,0,60,0,0,,0,0,0,0,0,0,0,,0,0,0,0,0,0,1,0,0,0,0
7,64,0,1,0,1,60,,,,,,,1,45,17,1,blake_06,288,40,1,0,60,0,0,,0,0,0,0,0,0,0,,0,0,0,0,0,0,1,0,0,0,0
8,1,0,1,0,1,60,,,,,,,1,27,68,1,blake_06,270,40,1,0,60,0,0,,0,0,0,0,0,0,0,,0,0,0,0,0,0,1,0,0,0,0
8,2,0,1,0,1,60,,,,,,,1,14,58,1,blake_12,252,40,1,0,60,0,0,,0,0,0,0,0,0,0,,0,0,0,0,0,0,1,0,0,0,0
8,3,0,1,0,1,60,,,,,,,1,88,81,1,blake_07,36,40,1,0,60,0,0,,0,0,0,0,0,0,0,,0,0,0,0,0,0,1,0,0,0,0
8,4,0,1,0,1,60,,,,,,,1,66,53,1,blake_11,108,40,1,0,60,0,0,,0,0,0,0,0,0,0,,0,0,0,0,0,0,1,0,0,0,0
8,5,0,1,0,1,60,,,,,,,1,29,88,1,blake_06,180,40,1,0,60,0,0,,0,0,0,0,0,0,0,,0,0,0,0,0,0,1,0,0,0,0
8,6,0,1,0,1,60,,,,,,,1,71,79,1,blake_06,198,40,1,0,60,0,0,,0,0,0,0,0,0,0,,0,0,0,0,0,0,1,0,0,0,0
8,7,0,1,0,1,60,,,,,,,1,31,41,1,blake_11,126,40,1,0,60,0,0,,0,0,0,0,0,0,0,,0,0,0,0,0,0,1,0,0,0,0
8,8,0,1,0,1,60,,,,,,,1,32,29,1,blake_01,270,40,1,0,60,0,0,,0,0,0,0,0,0,0,,0,0,0,0,0,0,1,0,0,0,0
8,9,0,1,0,1,60,,,,,,,1,89,49,1,blake_06,144,40,1,0,60,0,0,,0,0,0,0,0,0,0,,0,0,0,0,0,0,1,0,0,0,0
8,10,0,1,0,1,60,,,,,,,1,47,36,1,blake_08,288,40,1,0,60,0,0,,0,0,0,0,0,0,0,,0,0,0,0,0,0,1,0,0,0,0
8,11,0,1,0,1,60,,,,,,,1,36,40,1,blake_08,252,40,1,0,60,0,0,,0,0,0,0,0,0,0,,0,0,0,0,0,0,1,0,0,0,0
8,12,0,1,0,1,60,,,,,,,1,54,54,1,blake_10,342,40,1,0,60,0,0,,0,0,0,0,0,0,0,,0,0,0,0,0,0,1,0,0,0,0
8,13,0,1,0,1,60,,,,,,,1,61,20,1,blake_01,72,40,1,0,60,0,0,,0,0,0,0,0,0,0,,0,0,0,0,0,0,1,0,0,0,0
8,14,0,1,0,1,60,,,,,,,1,20,19,1,blake_11,162,40,1,0,60,0,0,,0,0,0,0,0,0,0,,0,0,0,0,0,0,1,0,0,0,0
8,15,0,1,0,1,60,,,,,,,1,50,37,1,blake_11,216,40,1,0,60,0,0,,0,0,0,0,0,0,0,,0,0,0,0,0,0,1,0,0,0,0
8,16,0,1,0,1,60,,,,,,,1,83,5,1,blake_11,126,40,1,0,60,0,0,,0,0,0,0,0,0,0,,0,0,0,0,0,0,1,0,0,0,0
8,17,0,1,0,1,60,,,,,,,1,32,95,1,blake_10,54,40,1,0,60,0,0,,0,0,0,0,0,0,0,,0,0,0,0,0,0,1,0,0,0,0
8,18,0,1,0,1,60,,,,,,,1,83,20,1,blake_12,180,40,1,0,60,0,0,,0,0,0,0,0,0,0,,0,0,0,0,0,0,1,0,0,0,0
8,19,0,1,0,1,60,,,,,,,1,8,68,1,blake_07,270,40,1,0,60,0,0,,0,0,0,0,0,0,0,,0,0,0,0,0,0,1,0,0,0,0
8,20,0,1,0,1,60,,,,,,,1,4,4,1,blake_04,252,40,1,0,60,0,0,,0,0,0,0,0,0,0,,0,0,0,0,0,0,1,0,0,0,0
8,21,0,1,0,1,60,,,,,,,1,20,51,1,blake_10,144,40,1,0,60,0,0,,0,0,0,0,0,0,0,,0,0,0,0,0,0,1,0,0,0,0
8,22,0,1,0,1,60,,,,,,,1,56,7,1,blake_08,234,40,1,0,60,0,0,,0,0,0,0,0,0,0,,0,0,0,0,0,0,1,0,0,0,0
8,23,0,1,0,1,60,,,,,,,1,58,54,1,blake_06,36,40,1,0,60,0,0,,0,0,0,0,0,0,0,,0,0,0,0,0,0,1,0,0,0,0
8,24,0,1,0,1,60,,,,,,,1,11,95,1,blake_10,18,40,1,0,60,0,0,,0,0,0,0,0,0,0,,0,0,0,0,0,0,1,0,0,0,0
8,25,0,1,0,1,60,,,,,,,1,50,44,1,blake_04,126,40,1,0,60,0,0,,0,0,0,0,0,0,0,,0,0,0,0,0,0,1,0,0,0,0
8,26,0,1,0,1,60,,,,,,,1,37,14,1,blake_01,288,40,1,0,60,0,0,,0,0,0,0,0,0,0,,0,0,0,0,0,0,1,0,0,0,0
8,27,0,1,0,1,60,,,,,,,1,31,13,1,blake_01,162,40,1,0,60,0,0,,0,0,0,0,0,0,0,,0,0,0,0,0,0,1,0,0,0,0
8,28,0,1,0,1,60,,,,,,,1,40,52,1,blake_08,144,40,1,0,60,0,0,,0,0,0,0,0,0,0,,0,0,0,0,0,0,1,0,0,0,0
8,29,0,1,0,1,60,,,,,,,1,53,62,1,blake_04,18,40,1,0,60,0,0,,0,0,0,0,0,0,0,,0,0,0,0,0,0,1,0,0,0,0
8,30,0,1,0,1,60,,,,,,,1,17,54,1,blake_07,72,40,1,0,60,0,0,,0,0,0,0,0,0,0,,0,0,0,0,0,0,1,0,0,0,0
8,31,0,1,0,1,60,,,,,,,1,80,9,1,blake_10,108,40,1,0,60,0,0,,0,0,0,0,0,0,0,,0,0,0,0,0,0,1,0,0,0,0
8,32,0,1,0,1,60,,,,,,,1,87,96,1,blake_10,324,40,1,0,60,0,0,,0,0,0,0,0,0,0,,0,0,0,0,0,0,1,0,0,0,0
8,33,0,1,0,1,60,,,,,,,1,29,31,1,blake_12,18,40,1,0,60,0,0,,0,0,0,0,0,0,0,,0,0,0,0,0,0,1,0,0,0,0
8,34,0,1,0,1,60,,,,,,,1,27,80,1,blake_08,234,40,1,0,60,0,0,,0,0,0,0,0,0,0,,0,0,0,0,0,0,1,0,0,0,0
8,35,0,1,0,1,60,,,,,,,1,3,11,1,blake_12,72,40,1,0,60,0,0,,0,0,0,0,0,0,0,,0,0,0,0,0,0,1,0,0,0,0
8,36,0,1,0,1,60,,,,,,,1,62,78,1,blake_04,162,40,1,0,60,0,0,,0,0,0,0,0,0,0,,0,0,0,0,0,0,1,0,0,0,0
8,37,0,1,0,1,60,,,,,,,1,39,61,1,blake_06,0,40,1,0,60,0,0,,0,0,0,0,0,0,0,,0,0,0,0,0,0,1,0,0,0,0
8,38,0,1,0,1,60,,,,,,,1,36,31,1,blake_10,162,40,1,0,60,0,0,,0,0,0,0,0,0,0,,0,0,0,0,0,0,1,0,0,0,0
8,39,0,1,0,1,60,,,,,,,1,8,69,1,blake_11,306,40,1,0,60,0,0,,0,0,0,0,0,0,0,,0,0,0,0,0,0,1,0,0,0,0
8,40,0,1,0,1,60,,,,,,,1,5,56,1,blake_01,342,40,1,0,60,0,0,,0,0,0,0,0,0,0,,0,0,0,0,0,0,1,0,0,0,0
8,41,0,1,0,1,60,,,,,,,1,32,55,1,blake_06,306,40,1,0,60,0,0,,0,0,0,0,0,0,0,,0,0,0,0,0,0,1,0,0,0,0
8,42,0,1,0,1,60,,,,,,,1,42,26,1,blake_06,18,40,1,0,60,0,0,,0,0,0,0,0,0,0,,0,0,0,0,0,0,1,0,0,0,0
8,43,0,1,0,1,60,,,,,,,1,79,59,1,blake_08,90,40,1,0,60,0,0,,0,0,0,0,0,0,0,,0,0,0,0,0,0,1,0,0,0,0
8,44,0,1,0,1,60,,,,,,,1,1,96,1,blake_11,144,40,1,0,60,0,0,,0,0,0,0,0,0,0,,0,0,0,0,0,0,1,0,0,0,0
8,45,0,1,0,1,60,,,,,,,1,93,27,1,blake_07,234,40,1,0,60,0,0,,0,0,0,0,0,0,0,,0,0,0,0,0,0,1,0,0,0,0
8,46,0,1,0,1,60,,,,,,,1,60,14,1,blake_10,72,40,1,0,60,0,0,,0,0,0,0,0,0,0,,0,0,0,0,0,0,1,0,0,0,0
8,47,0,1,0,1,60,,,,,,,1,71,35,1,blake_08,180,40,1,0,60,0,0,,0,0,0,0,0,0,0,,0,0,0,0,0,0,1,0,0,0,0
8,48,0,1,0,1,60,,,,,,,1,8,38,1,blake_08,18,40,1,0,60,0,0,,0,0,0,0,0,0,0,,0,0,0,0,0,0,1,0,0,0,0
8,49,0,1,0,1,60,,,,,,,1,41,75,1,blake_12,324,40,1,0,60,0,0,,0,0,0,0,0,0,0,,0,0,0,0,0,0,1,0,0,0,0
8,50,0,1,0,1,60,,,,,,,1,17,75,1,blake_12,270,40,1,0,60,0,0,,0,0,0,0,0,0,0,,0,0,0,0,0,0,1,0,0,0,0
8,51,0,1,0,1,60,,,,,,,1,16,80,1,blake_11,270,40,1,0,60,0,0,,0,0,0,0,0,0,0,,0,0,0,0,0,0,1,0,0,0,0
8,52,0,1,0,1,60,,,,,,,1,2,9,1,blake_12,54,40,1,0,60,0,0,,0,0,0,0,0,0,0,,0,0,0,0,0,0,1,0,0,0,0
8,53,0,1,0,1,60,,,,,,,1,33,82,1,blake_10,198,40,1,0,60,0,0,,0,0,0,0,0,0,0,,0,0,0,0,0,0,1,0,0,0,0
8,54,0,1,0,1,60,,,,,,,1,93,6,1,blake_06,180,40,1,0,60,0,0,,0,0,0,0,0,0,0,,0,0,0,0,0,0,1,0,0,0,0
8,55,0,1,0,1,60,,,,,,,1,12,8,1,blake_11,90,40,1,0,60,0,0,,0,0,0,0,0,0,0,,0,0,0,0,0,0,1,0,0,0,0
8,56,0,1,0,1,60,,,,,,,1,25,21,1,blake_04,270,40,1,0,60,0,0,,0,0,0,0,0,0,0,,0,0,0,0,0,0,1,0,0,0,0
8,57,0,1,0,1,60,,,,,,,1,67,94,1,blake_12,90,40,1,0,60,0,0,,0,0,0,0,0,0,0,,0,0,0,0,0,0,1,0,0,0,0
8,58,0,1,0,1,60,,,,,,,1,82,37,1,blake_01,54,40,1,0,60,0,0,,0,0,0,0,0,0,0,,0,0,0,0,0,0,1,0,0,0,0
8,59,0,1,0,1,60,,,,,,,1,15,84,1,blake_08,180,40,1,0,60,0,0,,0,0,0,0,0,0,0,,0,0,0,0,0,0,1,0,0,0,0
8,60,0,1,0,1,60,,,,,,,1,12,85,1,blake_01,270,40,1,0,60,0,0,,0,0,0,0,0,0,0,,0,0,0,0,0,0,1,0,0,0,0
8,61,0,1,0,1,60,,,,,,,1,38,78,1,blake_10,54,40,1,0,60,0,0,,0,0,0,0,0,0,0,,0,0,0,0,0,0,1,0,0,0,0
8,62,0,1,0,1,60,,,,,,,1,85,27,1,blake_08,144,40,1,0,60,0,0,,0,0,0,0,0,0,0,,0,0,0,0,0,0,1,0,0,0,0
8,63,0,1,0,1,60,,,,,,,1,75,68,1,blake_07,126,40,1,0,60,0,0,,0,0,0,0,0,0,0,,0,0,0,0,0,0,1,0,0,0,0
8,64,0,1,0,1,60,,,,,,,1,2,34,1,blake_01,90,40,1,0,60,0,0,,0,0,0,0,0,0,0,,0,0,0,0,0,0,1,0,0,0,0
