1,1,0,1,0,1,60,,,,,,,1,82,19,1,blake_11,18,40,1,0,60,0,0,,0,0,0,0,0,0,0,,0,0,0,0,0,0,1,0,0,0,0
1,2,0,1,0,1,60,,,,,,,1,31,61,1,blake_10,18,40,1,0,60,0,0,,0,0,0,0,0,0,0,,0,0,0,0,0,0,1,0,0,0,0
1,3,0,1,0,1,60,,,,,,,1,38,14,1,blake_10,18,40,1,0,60,0,0,,0,0,0,0,0,0,0,,0,0,0,0,0,0,1,0,0,0,0
1,4,0,1,0,1,60,,,,,,,1,91,3,1,blake_07,198,40,1,0,60,0,0,,0,0,0,0,0,0,0,,0,0,0,0,0,0,1,0,0,0,0
1,5,0,1,0,1,60,,,,,,,1,19,86,1,blake_06,252,40,1,0,60,0,0,,0,0,0,0,0,0,0,,0,0,0,0,0,0,1,0,0,0,0
1,6,0,1,0,1,60,,,,,,,1,57,39,1,blake_12,324,40,1,0,60,0,0,,0,0,0,0,0,0,0,,0,0,0,0,0,0,1,0,0,0,0
1,7,0,1,0,1,60,,,,,,,1,84,29,1,blake_06,90,40,1,0,60,0,0,,0,0,0,0,0,0,0,,0,0,0,0,0,0,1,0,0,0,0
1,8,0,1,0,1,60,,,,,,,1,5,10,1,blake_11,216,40,1,0,60,0,0,,0,0,0,0,0,0,0,,0,0,0,0,0,0,1,0,0,0,0
2,1,0,1,0,1,60,,,,,,,1,44,74,1,blake_12,342,40,1,0,60,0,0,,0,0,0,0,0,0,0,,0,0,0,0,0,0,1,0,0,0,0
2,2,0,1,0,1,60,,,,,,,1,46,39,1,blake_10,306,40,1,0,60,0,0,,0,0,0,0,0,0,0,,0,0,0,0,0,0,1,0,0,0,0
2,3,0,1,0,1,60,,,,,,,1,96,38,1,blake_08,54,40,1,0,60,0,0,,0,0,0,0,0,0,0,,0,0,0,0,0,0,1,0,0,0,0
2,4,0,1,0,1,60,,,,,,,1,62,24,1,blake_07,306,40,1,0,60,0,0,,0,0,0,0,0,0,0,,0,0,0,0,0,0,1,0,0,0,0
2,5,0,1,0,1,60,,,,,,,1,49,30,1,blake_07,0,40,1,0,60,0,0,,0,0,0,0,0,0,0,,0,0,0,0,0,0,1,0,0,0,0
2,6,0,1,0,1,60,,,,,,,1,32,99,1,blake_10,198,40,1,0,60,0,0,,0,0,0,0,0,0,0,,0,0,0,0,0,0,1,0,0,0,0
2,7,0,1,0,1,60,,,,,,,1,36,4,1,blake_08,180,40,1,0,60,0,0,,0,0,0,0,0,0,0,,0,0,0,0,0,0,1,0,0,0,0
2,8,0,1,0,1,60,,,,,,,1,23,84,1,blake_06,162,40,1,0,60,0,0,,0,0,0,0,0,0,0,,0,0,0,0,0,0,1,0,0,0,0
3,1,0,1,0,1,60,,,,,,,1,81,62,1,blake_04,216,40,1,0,60,0,0,,0,0,0,0,0,0,0,,0,0,0,0,0,0,1,0,0,0,0
3,2,0,1,0,1,60,,,,,,,1,11,56,1,blake_12,162,40,1,0,60,0,0,,0,0,0,0,0,0,0,,0,0,0,0,0,0,1,0,0,0,0
3,3,0,1,0,1,60,,,,,,,1,73,17,1,blake_01,216,40,1,0,60,0,0,,0,0,0,0,0,0,0,,0,0,0,0,0,0,1,0,0,0,0
3,4,0,1,0,1,60,,,,,,,1,67,45,1,blake_11,306,40,1,0,60,0,0,,0,0,0,0,0,0,0,,0,0,0,0,0,0,1,0,0,0,0
3,5,0,1,0,1,60,,,,,,,1,35,25,1,blake_12,324,40,1,0,60,0,0,,0,0,0,0,0,0,0,,0,0,0,0,0,0,1,0,0,0,0
3,6,0,1,0,1,60,,,,,,,1,62,71,1,blake_06,18,40,1,0,60,0,0,,0,0,0,0,0,0,0,,0,0,0,0,0,0,1,0,0,0,0
3,7,0,1,0,1,60,,,,,,,1,65,85,1,blake_11,342,40,1,0,60,0,0,,0,0,0,0,0,0,0,,0,0,0,0,0,0,1,0,0,0,0
3,8,0,1,0,1,60,,,,,,,1,49,20,1,blake_07,324,40,1,0,60,0,0,,0,0,0,0,0,0,0,,0,0,0,0,0,0,1,0,0,0,0
4,1,0,1,0,1,60,,,,,,,1,69,52,1,blake_08,306,40,1,0,60,0,0,,0,0,0,0,0,0,0,,0,0,0,0,0,0,1,0,0,0,0
4,2,0,1,0,1,60,,,,,,,1,33,46,1,blake_07,36,40,1,0,60,0,0,,0,0,0,0,0,0,0,,0,0,0,0,0,0,1,0,0,0,0
4,3,0,1,0,1,60,,,,,,,1,55,91,1,blake_10,180,40,1,0,60,0,0,,0,0,0,0,0,0,0,,0,0,0,0,0,0,1,0,0,0,0
4,4,0,1,0,1,60,,,,,,,1,80,97,1,blake_06,162,40,1,0,60,0,0,,0,0,0,0,0,0,0,,0,0,0,0,0,0,1,0,0,0,0
4,5,0,1,0,1,60,,,,,,,1,36,31,1,blake_11,72,40,1,0,60,0,0,,0,0,0,0,0,0,0,,0,0,0,0,0,0,1,0,0,0,0
4,6,0,1,0,1,60,,,,,,,1,9,49,1,blake_06,324,40,1,0,60,0,0,,0,0,0,0,0,0,0,,0,0,0,0,0,0,1,0,0,0,0
4,7,0,1,0,1,60,,,,,,,1,86,60,1,blake_07,90,40,1,0,60,0,0,,0,0,0,0,0,0,0,,0,0,0,0,0,0,1,0,0,0,0
4,8,0,1,0,1,60,,,,,,,1,2,6,1,blake_10,126,40,1,0,60,0,0,,0,0,0,0,0,0,0,,0,0,0,0,0,0,1,0,0,0,0
5,1,0,1,0,1,60,,,,,,,1,49,86,1,blake_10,90,40,1,0,60,0,0,,0,0,0,0,0,0,0,,0,0,0,0,0,0,1,0,0,0,0
5,2,0,1,0,1,60,,,,,,,1,60,61,1,blake_08,288,40,1,0,60,0,0,,0,0,0,0,0,0,0,,0,0,0,0,0,0,1,0,0,0,0
5,3,0,1,0,1,60,,,,,,,1,55,98,1,blake_08,36,40,1,0,60,0,0,,0,0,0,0,0,0,0,,0,0,0,0,0,0,1,0,0,0,0
5,4,0,1,0,1,60,,,,,,,1,49,90,1,blake_10,18,40,1,0,60,0,0,,0,0,0,0,0,0,0,,0,0,0,0,0,0,1,0,0,0,0
5,5,0,1,0,1,60,,,,,,,1,34,77,1,blake_11,36,40,1,0,60,0,0,,0,0,0,0,0,0,0,,0,0,0,0,0,0,1,0,0,0,0
5,6,0,1,0,1,60,,,,,,,1,1,1,1,blake_10,36,40,1,0,60,0,0,,0,0,0,0,0,0,0,,0,0,0,0,0,0,1,0,0,0,0
5,7,0,1,0,1,60,,,,,,,1,22,20,1,blake_10,270,40,1,0,60,0,0,,0,0,0,0,0,0,0,,0,0,0,0,0,0,1,0,0,0,0
5,8,0,1,0,1,60,,,,,,,1,69,44,1,blake_11,180,40,1,0,60,0,0,,0,0,0,0,0,0,0,,0,0,0,0,0,0,1,0,0,0,0
6,1,0,1,0,1,60,,,,,,,1,36,89,1,blake_07,144,40,1,0,60,0,0,,0,0,0,0,0,0,0,,0,0,0,0,0,0,1,0,0,0,0
6,2,0,1,0,1,60,,,,,,,1,74,21,1,blake_07,36,40,1,0,60,0,0,,0,0,0,0,0,0,0,,0,0,0,0,0,0,1,0,0,0,0
6,3,0,1,0,1,60,,,,,,,1,4,55,1,blake_11,198,40,1,0,60,0,0,,0,0,0,0,0,0,0,,0,0,0,0,0,0,1,0,0,0,0
6,4,0,1,0,1,60,,,,,,,1,3,30,1,blake_07,252,40,1,0,60,0,0,,0,0,0,0,0,0,0,,0,0,0,0,0,0,1,0,0,0,0
6,5,0,1,0,1,60,,,,,,,1,21,27,1,blake_11,90,40,1,0,60,0,0,,0,0,0,0,0,0,0,,0,0,0,0,0,0,1,0,0,0,0
6,6,0,1,0,1,60,,,,,,,1,65,40,1,blake_10,216,40,1,0,60,0,0,,0,0,0,0,0,0,0,,0,0,0,0,0,0,1,0,0,0,0
6,7,0,1,0,1,60,,,,,,,1,68,44,1,blake_01,306,40,1,0,60,0,0,,0,0,0,0,0,0,0,,0,0,0,0,0,0,1,0,0,0,0
6,8,0,1,0,1,60,,,,,,,1,37,92,1,blake_07,324,40,1,0,60,0,0,,0,0,0,0,0,0,0,,0,0,0,0,0,0,1,0,0,0,0
7,1,0,1,0,1,60,,,,,,,1,68,97,1,blake_10,252,40,1,0,60,0,0,,0,0,0,0,0,0,0,,0,0,0,0,0,0,1,0,0,0,0
7,2,0,1,0,1,60,,,,,,,1,9,33,1,blake_10,324,40,1,0,60,0,0,,0,0,0,0,0,0,0,,0,0,0,0,0,0,1,0,0,0,0
7,3,0,1,0,1,60,,,,,,,1,56,61,1,blake_10,216,40,1,0,60,0,0,,0,0,0,0,0,0,0,,0,0,0,0,0,0,1,0,0,0,0
7,4,0,1,0,1,60,,,,,,,1,70,21,1,blake_12,198,40,1,0,60,0,0,,0,0,0,0,0,0,0,,0,0,0,0,0,0,1,0,0,0,0
7,5,0,1,0,1,60,,,,,,,1,65,94,1,blake_04,0,40,1,0,60,0,0,,0,0,0,0,0,0,0,,0,0,0,0,0,0,1,0,0,0,0
7,6,0,1,0,1,60,,,,,,,1,60,53,1,blake_10,270,40,1,0,60,0,0,,0,0,0,0,0,0,0,,0,0,0,0,0,0,1,0,0,0,0
7,7,0,1,0,1,60,,,,,,,1,32,45,1,blake_12,216,40,1,0,60,0,0,,0,0,0,0,0,0,0,,0,0,0,0,0,0,1,0,0,0,0
7,8,0,1,0,1,60,,,,,,,1,44,80,1,blake_08,108,40,1,0,60,0,0,,0,0,0,0,0,0,0,,0,0,0,0,0,0,1,0,0,0,0
8,1,0,1,0,1,60,,,,,,,1,67,33,1,blake_08,108,40,1,0,60,0,0,,0,0,0,0,0,0,0,,0,0,0,0,0,0,1,0,0,0,0
8,2,0,1,0,1,60,,,,,,,1,85,41,1,blake_10,180,40,1,0,60,0,0,,0,0,0,0,0,0,0,,0,0,0,0,0,0,1,0,0,0,0
8,3,0,1,0,1,60,,,,,,,1,100,36,1,blake_10,90,40,1,0,60,0,0,,0,0,0,0,0,0,0,,0,0,0,0,0,0,1,0,0,0,0
8,4,0,1,0,1,60,,,,,,,1,39,51,1,blake_06,234,40,1,0,60,0,0,,0,0,0,0,0,0,0,,0,0,0,0,0,0,1,0,0,0,0
8,5,0,1,0,1,60,,,,,,,1,94,10,1,blake_08,72,40,1,0,60,0,0,,0,0,0,0,0,0,0,,0,0,0,0,0,0,1,0,0,0,0
8,6,0,1,0,1,60,,,,,,,1,68,89,1,blake_12,0,40,1,0,60,0,0,,0,0,0,0,0,0,0,,0,0,0,0,0,0,1,0,0,0,0
8,7,0,1,0,1,60,,,,,,,1,64,13,1,blake_11,54,40,1,0,60,0,0,,0,0,0,0,0,0,0,,0,0,0,0,0,0,1,0,0,0,0
8,8,0,1,0,1,60,,,,,,,1,28,74,1,blake_07,54,40,1,0,60,0,0,,0,0,0,0,0,0,0,,0,0,0,0,0,0,1,0,0,0,0
