1,1,0,1,0,1,60,,,,,,,1,86,76,1,blake_11,252,40,1,0,60,0,0,,0,0,0,0,0,0,0,,0,0,0,0,0,0,1,0,0,0,0
1,2,0,1,0,1,60,,,,,,,1,62,58,1,blake_12,126,40,1,0,60,0,0,,0,0,0,0,0,0,0,,0,0,0,0,0,0,1,0,0,0,0
1,3,0,1,0,1,60,,,,,,,1,16,37,1,blake_01,198,40,1,0,60,0,0,,0,0,0,0,0,0,0,,0,0,0,0,0,0,1,0,0,0,0
1,4,0,1,0,1,60,,,,,,,1,64,67,1,blake_08,288,40,1,0,60,0,0,,0,0,0,0,0,0,0,,0,0,0,0,0,0,1,0,0,0,0
1,5,0,1,0,1,60,,,,,,,1,95,38,1,blake_11,198,40,1,0,60,0,0,,0,0,0,0,0,0,0,,0,0,0,0,0,0,1,0,0,0,0
1,6,0,1,0,1,60,,,,,,,1,67,37,1,blake_01,18,40,1,0,60,0,0,,0,0,0,0,0,0,0,,0,0,0,0,0,0,1,0,0,0,0
1,7,0,1,0,1,60,,,,,,,1,35,38,1,blake_10,324,40,1,0,60,0,0,,0,0,0,0,0,0,0,,0,0,0,0,0,0,1,0,0,0,0
1,8,0,1,0,1,60,,,,,,,1,2,54,1,blake_10,198,40,1,0,60,0,0,,0,0,0,0,0,0,0,,0,0,0,0,0,0,1,0,0,0,0
1,9,0,1,0,1,60,,,,,,,1,63,50,1,blake_11,126,40,1,0,60,0,0,,0,0,0,0,0,0,0,,0,0,0,0,0,0,1,0,0,0,0
1,10,0,1,0,1,60,,,,,,,1,50,96,1,blake_10,90,40,1,0,60,0,0,,0,0,0,0,0,0,0,,0,0,0,0,0,0,1,0,0,0,0
1,11,0,1,0,1,60,,,,,,,1,15,45,1,blake_04,18,40,1,0,60,0,0,,0,0,0,0,0,0,0,,0,0,0,0,0,0,1,0,0,0,0
1,12,0,1,0,1,60,,,,,,,1,85,3,1,blake_12,144,40,1,0,60,0,0,,0,0,0,0,0,0,0,,0,0,0,0,0,0,1,0,0,0,0
1,13,0,1,0,1,60,,,,,,,1,59,28,1,blake_01,36,40,1,0,60,0,0,,0,0,0,0,0,0,0,,0,0,0,0,0,0,1,0,0,0,0
1,14,0,1,0,1,60,,,,,,,1,40,61,1,blake_11,234,40,1,0,60,0,0,,0,0,0,0,0,0,0,,0,0,0,0,0,0,1,0,0,0,0
1,15,0,1,0,1,60,,,,,,,1,88,44,1,blake_07,342,40,1,0,60,0,0,,0,0,0,0,0,0,0,,0,0,0,0,0,0,1,0,0,0,0
1,16,0,1,0,1,60,,,,,,,1,68,17,1,blake_11,306,40,1,0,60,0,0,,0,0,0,0,0,0,0,,0,0,0,0,0,0,1,0,0,0,0
1,17,0,1,0,1,60,,,,,,,1,11,64,1,blake_11,270,40,1,0,60,0,0,,0,0,0,0,0,0,0,,0,0,0,0,0,0,1,0,0,0,0
1,18,0,1,0,1,60,,,,,,,1,81,73,1,blake_10,252,40,1,0,60,0,0,,0,0,0,0,0,0,0,,0,0,0,0,0,0,1,0,0,0,0
1,19,0,1,0,1,60,,,,,,,1,96,43,1,blake_12,198,40,1,0,60,0,0,,0,0,0,0,0,0,0,,0,0,0,0,0,0,1,0,0,0,0
1,20,0,1,0,1,60,,,,,,,1,9,27,1,blake_01,90,40,1,0,60,0,0,,0,0,0,0,0,0,0,,0,0,0,0,0,0,1,0,0,0,0
1,21,0,1,0,1,60,,,,,,,1,42,29,1,blake_11,54,40,1,0,60,0,0,,0,0,0,0,0,0,0,,0,0,0,0,0,0,1,0,0,0,0
1,22,0,1,0,1,60,,,,,,,1,75,20,1,blake_04,342,40,1,0,60,0,0,,0,0,0,0,0,0,0,,0,0,0,0,0,0,1,0,0,0,0
1,23,0,1,0,1,60,,,,,,,1,85,89,1,blake_12,54,40,1,0,60,0,0,,0,0,0,0,0,0,0,,0,0,0,0,0,0,1,0,0,0,0
1,24,0,1,0,1,60,,,,,,,1,25,79,1,blake_06,306,40,1,0,60,0,0,,0,0,0,0,0,0,0,,0,0,0,0,0,0,1,0,0,0,0
1,25,0,1,0,1,60,,,,,,,1,99,12,1,blake_06,108,40,1,0,60,0,0,,0,0,0,0,0,0,0,,0,0,0,0,0,0,1,0,0,0,0
1,26,0,1,0,1,60,,,,,,,1,80,9,1,blake_07,0,40,1,0,60,0,0,,0,0,0,0,0,0,0,,0,0,0,0,0,0,1,0,0,0,0
1,27,0,1,0,1,60,,,,,,,1,40,49,1,blake_01,144,40,1,0,60,0,0,,0,0,0,0,0,0,0,,0,0,0,0,0,0,1,0,0,0,0
1,28,0,1,0,1,60,,,,,,,1,55,33,1,blake_10,216,40,1,0,60,0,0,,0,0,0,0,0,0,0,,0,0,0,0,0,0,1,0,0,0,0
1,29,0,1,0,1,60,,,,,,,1,57,68,1,blake_12,162,40,1,0,60,0,0,,0,0,0,0,0,0,0,,0,0,0,0,0,0,1,0,0,0,0
1,30,0,1,0,1,60,,,,,,,1,66,31,1,blake_04,54,40,1,0,60,0,0,,0,0,0,0,0,0,0,,0,0,0,0,0,0,1,0,0,0,0
1,31,0,1,0,1,60,,,,,,,1,27,96,1,blake_12,288,40,1,0,60,0,0,,0,0,0,0,0,0,0,,0,0,0,0,0,0,1,0,0,0,0
1,32,0,1,0,1,60,,,,,,,1,98,34,1,blake_01,270,40,1,0,60,0,0,,0,0,0,0,0,0,0,,0,0,0,0,0,0,1,0,0,0,0
1,33,0,1,0,1,60,,,,,,,1,68,1,1,blake_08,72,40,1,0,60,0,0,,0,0,0,0,0,0,0,,0,0,0,0,0,0,1,0,0,0,0
1,34,0,1,0,1,60,,,,,,,1,96,31,1,blake_08,180,40,1,0,60,0,0,,0,0,0,0,0,0,0,,0,0,0,0,0,0,1,0,0,0,0
1,35,0,1,0,1,60,,,,,,,1,54,50,1,blake_12,288,40,1,0,60,0,0,,0,0,0,0,0,0,0,,0,0,0,0,0,0,1,0,0,0,0
1,36,0,1,0,1,60,,,,,,,1,47,1,1,blake_11,126,40,1,0,60,0,0,,0,0,0,0,0,0,0,,0,0,0,0,0,0,1,0,0,0,0
1,37,0,1,0,1,60,,,,,,,1,43,69,1,blake_10,270,40,1,0,60,0,0,,0,0,0,0,0,0,0,,0,0,0,0,0,0,1,0,0,0,0
1,38,0,1,0,1,60,,,,,,,1,11,62,1,blake_04,288,40,1,0,60,0,0,,0,0,0,0,0,0,0,,0,0,0,0,0,0,1,0,0,0,0
1,39,0,1,0,1,60,,,,,,,1,18,63,1,blake_08,126,40,1,0,60,0,0,,0,0,0,0,0,0,0,,0,0,0,0,0,0,1,0,0,0,0
1,40,0,1,0,1,60,,,,,,,1,60,73,1,blake_10,144,40,1,0,60,0,0,,0,0,0,0,0,0,0,,0,0,0,0,0,0,1,0,0,0,0
1,41,0,1,0,1,60,,,,,,,1,40,23,1,blake_10,180,40,1,0,60,0,0,,0,0,0,0,0,0,0,,0,0,0,0,0,0,1,0,0,0,0
1,42,0,1,0,1,60,,,,,,,1,60,41,1,blake_10,36,40,1,0,60,0,0,,0,0,0,0,0,0,0,,0,0,0,0,0,0,1,0,0,0,0
1,43,0,1,0,1,60,,,,,,,1,72,54,1,blake_06,180,40,1,0,60,0,0,,0,0,0,0,0,0,0,,0,0,0,0,0,0,1,0,0,0,0
1,44,0,1,0,1,60,,,,,,,1,70,69,1,blake_04,342,40,1,0,60,0,0,,0,0,0,0,0,0,0,,0,0,0,0,0,0,1,0,0,0,0
1,45,0,1,0,1,60,,,,,,,1,89,86,1,blake_04,270,40,1,0,60,0,0,,0,0,0,0,0,0,0,,0,0,0,0,0,0,1,0,0,0,0
1,46,0,1,0,1,60,,,,,,,1,70,22,1,blake_07,72,40,1,0,60,0,0,,0,0,0,0,0,0,0,,0,0,0,0,0,0,1,0,0,0,0
1,47,0,1,0,1,60,,,,,,,1,56,51,1,blake_04,162,40,1,0,60,0,0,,0,0,0,0,0,0,0,,0,0,0,0,0,0,1,0,0,0,0
1,48,0,1,0,1,60,,,,,,,1,1,85,1,blake_11,0,40,1,0,60,0,0,,0,0,0,0,0,0,0,,0,0,0,0,0,0,1,0,0,0,0
1,49,0,1,0,1,60,,,,,,,1,39,55,1,blake_01,288,40,1,0,60,0,0,,0,0,0,0,0,0,0,,0,0,0,0,0,0,1,0,0,0,0
1,50,0,1,0,1,60,,,,,,,1,19,32,1,blake_07,36,40,1,0,60,0,0,,0,0,0,0,0,0,0,,0,0,0,0,0,0,1,0,0,0,0
1,51,0,1,0,1,60,,,,,,,1,48,79,1,blake_04,180,40,1,0,60,0,0,,0,0,0,0,0,0,0,,0,0,0,0,0,0,1,0,0,0,0
1,52,0,1,0,1,60,,,,,,,1,91,63,1,blake_10,36,40,1,0,60,0,0,,0,0,0,0,0,0,0,,0,0,0,0,0,0,1,0,0,0,0
1,53,0,1,0,1,60,,,,,,,1,33,56,1,blake_01,306,40,1,0,60,0,0,,0,0,0,0,0,0,0,,0,0,0,0,0,0,1,0,0,0,0
1,54,0,1,0,1,60,,,,,,,1,5,81,1,blake_06,108,40,1,0,60,0,0,,0,0,0,0,0,0,0,,0,0,0,0,0,0,1,0,0,0,0
1,55,0,1,0,1,60,,,,,,,1,61,89,1,blake_11,72,40,1,0,60,0,0,,0,0,0,0,0,0,0,,0,0,0,0,0,0,1,0,0,0,0
1,56,0,1,0,1,60,,,,,,,1,70,62,1,blake_06,252,40,1,0,60,0,0,,0,0,0,0,0,0,0,,0,0,0,0,0,0,1,0,0,0,0
1,57,0,1,0,1,60,,,,,,,1,73,80,1,blake_01,18,40,1,0,60,0,0,,0,0,0,0,0,0,0,,0,0,0,0,0,0,1,0,0,0,0
1,58,0,1,0,1,60,,,,,,,1,31,56,1,blake_06,252,40,1,0,60,0,0,,0,0,0,0,0,0,0,,0,0,0,0,0,0,1,0,0,0,0
1,59,0,1,0,1,60,,,,,,,1,61,84,1,blake_11,18,40,1,0,60,0,0,,0,0,0,0,0,0,0,,0,0,0,0,0,0,1,0,0,0,0
1,60,0,1,0,1,60,,,,,,,1,89,2,1,blake_01,90,40,1,0,60,0,0,,0,0,0,0,0,0,0,,0,0,0,0,0,0,1,0,0,0,0
1,61,0,1,0,1,60,,,,,,,1,0,82,1,blake_07,72,40,1,0,60,0,0,,0,0,0,0,0,0,0,,0,0,0,0,0,0,1,0,0,0,0
1,62,0,1,0,1,60,,,,,,,1,29,49,1,blake_04,342,40,1,0,60,0,0,,0,0,0,0,0,0,0,,0,0,0,0,0,0,1,0,0,0,0
1,63,0,1,0,1,60,,,,,,,1,7,26,1,blake_01,126,40,1,0,60,0,0,,0,0,0,0,0,0,0,,0,0,0,0,0,0,1,0,0,0,0
1,64,0,1,0,1,60,,,,,,,1,64,40,1,blake_01,342,40,1,0,60,0,0,,0,0,0,0,0,0,0,,0,0,0,0,0,0,1,0,0,0,0
2,1,0,1,0,1,60,,,,,,,1,43,69,1,blake_10,90,40,1,0,60,0,0,,0,0,0,0,0,0,0,,0,0,0,0,0,0,1,0,0,0,0
2,2,0,1,0,1,60,,,,,,,1,30,84,1,blake_07,324,40,1,0,60,0,0,,0,0,0,0,0,0,0,,0,0,0,0,0,0,1,0,0,0,0
2,3,0,1,0,1,60,,,,,,,1,29,64,1,blake_01,306,40,1,0,60,0,0,,0,0,0,0,0,0,0,,0,0,0,0,0,0,1,0,0,0,0
2,4,0,1,0,1,60,,,,,,,1,1,96,1,blake_01,342,40,1,0,60,0,0,,0,0,0,0,0,0,0,,0,0,0,0,0,0,1,0,0,0,0
2,5,0,1,0,1,60,,,,,,,1,79,25,1,blake_06,270,40,1,0,60,0,0,,0,0,0,0,0,0,0,,0,0,0,0,0,0,1,0,0,0,0
2,6,0,1,0,1,60,,,,,,,1,64,46,1,blake_01,72,40,1,0,60,0,0,,0,0,0,0,0,0,0,,0,0,0,0,0,0,1,0,0,0,0
2,7,0,1,0,1,60,,,,,,,1,10,77,1,blake_04,0,40,1,0,60,0,0,,0,0,0,0,0,0,0,,0,0,0,0,0,0,1,0,0,0,0
2,8,0,1,0,1,60,,,,,,,1,30,64,1,blake_04,216,40,1,0,60,0,0,,0,0,0,0,0,0,0,,0,0,0,0,0,0,1,0,0,0,0
2,9,0,1,0,1,60,,,,,,,1,83,35,1,blake_11,126,40,1,0,60,0,0,,0,0,0,0,0,0,0,,0,0,0,0,0,0,1,0,0,0,0
2,10,0,1,0,1,60,,,,,,,1,29,63,1,blake_01,216,40,1,0,60,0,0,,0,0,0,0,0,0,0,,0,0,0,0,0,0,1,0,0,0,0
2,11,0,1,0,1,60,,,,,,,1,44,79,1,blake_07,270,40,1,0,60,0,0,,0,0,0,0,0,0,0,,0,0,0,0,0,0,1,0,0,0,0
2,12,0,1,0,1,60,,,,,,,1,18,35,1,blake_04,342,40,1,0,60,0,0,,0,0,0,0,0,0,0,,0,0,0,0,0,0,1,0,0,0,0
2,13,0,1,0,1,60,,,,,,,1,23,2,1,blake_11,0,40,1,0,60,0,0,,0,0,0,0,0,0,0,,0,0,0,0,0,0,1,0,0,0,0
2,14,0,1,0,1,60,,,,,,,1,84,3,1,blake_10,324,40,1,0,60,0,0,,0,0,0,0,0,0,0,,0,0,0,0,0,0,1,0,0,0,0
2,15,0,1,0,1,60,,,,,,,1,86,35,1,blake_08,54,40,1,0,60,0,0,,0,0,0,0,0,0,0,,0,0,0,0,0,0,1,0,0,0,0
2,16,0,1,0,1,60,,,,,,,1,25,67,1,blake_01,162,40,1,0,60,0,0,,0,0,0,0,0,0,0,,0,0,0,0,0,0,1,0,0,0,0
2,17,0,1,0,1,60,,,,,,,1,20,23,1,blake_10,54,40,1,0,60,0,0,,0,0,0,0,0,0,0,,0,0,0,0,0,0,1,0,0,0,0
2,18,0,1,0,1,60,,,,,,,1,90,13,1,blake_11,306,40,1,0,60,0,0,,0,0,0,0,0,0,0,,0,0,0,0,0,0,1,0,0,0,0
2,19,0,1,0,1,60,,,,,,,1,84,75,1,blake_11,90,40,1,0,60,0,0,,0,0,0,0,0,0,0,,0,0,0,0,0,0,1,0,0,0,0
2,20,0,1,0,1,60,,,,,,,1,43,68,1,blake_12,180,40,1,0,60,0,0,,0,0,0,0,0,0,0,,0,0,0,0,0,0,1,0,0,0,0
2,21,0,1,0,1,60,,,,,,,1,54,56,1,blake_07,306,40,1,0,60,0,0,,0,0,0,0,0,0,0,,0,0,0,0,0,0,1,0,0,0,0
2,22,0,1,0,1,60,,,,,,,1,85,70,1,blake_10,216,40,1,0,60,0,0,,0,0,0,0,0,0,0,,0,0,0,0,0,0,1,0,0,0,0
2,23,0,1,0,1,60,,,,,,,1,53,93,1,blake_04,0,40,1,0,60,0,0,,0,0,0,0,0,0,0,,0,0,0,0,0,0,1,0,0,0,0
2,24,0,1,0,1,60,,,,,,,1,43,58,1,blake_01,18,40,1,0,60,0,0,,0,0,0,0,0,0,0,,0,0,0,0,0,0,1,0,0,0,0
2,25,0,1,0,1,60,,,,,,,1,35,38,1,blake_12,270,40,1,0,60,0,0,,0,0,0,0,0,0,0,,0,0,0,0,0,0,1,0,0,0,0
2,26,0,1,0,1,60,,,,,,,1,57,11,1,blake_10,144,40,1,0,60,0,0,,0,0,0,0,0,0,0,,0,0,0,0,0,0,1,0,0,0,0
2,27,0,1,0,1,60,,,,,,,1,91,74,1,blake_01,216,40,1,0,60,0,0,,0,0,0,0,0,0,0,,0,0,0,0,0,0,1,0,0,0,0
2,28,0,1,0,1,60,,,,,,,1,19,2,1,blake_10,180,40,1,0,60,0,0,,0,0,0,0,0,0,0,,0,0,0,0,0,0,1,0,0,0,0
2,29,0,1,0,1,60,,,,,,,1,69,24,1,blake_10,72,40,1,0,60,0,0,,0,0,0,0,0,0,0,,0,0,0,0,0,0,1,0,0,0,0
2,30,0,1,0,1,60,,,,,,,1,94,25,1,blake_12,270,40,1,0,60,0,0,,0,0,0,0,0,0,0,,0,0,0,0,0,0,1,0,0,0,0
2,31,0,1,0,1,60,,,,,,,1,52,91,1,blake_01,234,40,1,0,60,0,0,,0,0,0,0,0,0,0,,0,0,0,0,0,0,1,0,0,0,0
2,32,0,1,0,1,60,,,,,,,1,73,5,1,blake_04,270,40,1,0,60,0,0,,0,0,0,0,0,0,0,,0,0,0,0,0,0,1,0,0,0,0
2,33,0,1,0,1,60,,,,,,,1,3,85,1,blake_11,198,40,1,0,60,0,0,,0,0,0,0,0,0,0,,0,0,0,0,0,0,1,0,0,0,0
2,34,0,1,0,1,60,,,,,,,1,56,75,1,blake_07,90,40,1,0,60,0,0,,0,0,0,0,0,0,0,,0,0,0,0,0,0,1,0,0,0,0
2,35,0,1,0,1,60,,,,,,,1,16,26,1,blake_07,18,40,1,0,60,0,0,,0,0,0,0,0,0,0,,0,0,0,0,0,0,1,0,0,0,0
2,36,0,1,0,1,60,,,,,,,1,1,74,1,blake_11,0,40,1,0,60,0,0,,0,0,0,0,0,0,0,,0,0,0,0,0,0,1,0,0,0,0
2,37,0,1,0,1,60,,,,,,,1,38,99,1,blake_08,270,40,1,0,60,0,0,,0,0,0,0,0,0,0,,0,0,0,0,0,0,1,0,0,0,0
2,38,0,1,0,1,60,,,,,,,1,68,87,1,blake_04,288,40,1,0,60,0,0,,0,0,0,0,0,0,0,,0,0,0,0,0,0,1,0,0,0,0
2,39,0,1,0,1,60,,,,,,,1,83,3,1,blake_12,108,40,1,0,60,0,0,,0,0,0,0,0,0,0,,0,0,0,0,0,0,1,0,0,0,0
2,40,0,1,0,1,60,,,,,,,1,6,51,1,blake_01,36,40,1,0,60,0,0,,0,0,0,0,0,0,0,,0,0,0,0,0,0,1,0,0,0,0
2,41,0,1,0,1,60,,,,,,,1,13,50,1,blake_06,306,40,1,0,60,0,0,,0,0,0,0,0,0,0,,0,0,0,0,0,0,1,0,0,0,0
2,42,0,1,0,1,60,,,,,,,1,11,68,1,blake_10,324,40,1,0,60,0,0,,0,0,0,0,0,0,0,,0,0,0,0,0,0,1,0,0,0,0
2,43,0,1,0,1,60,,,,,,,1,73,23,1,blake_04,270,40,1,0,60,0,0,,0,0,0,0,0,0,0,,0,0,0,0,0,0,1,0,0,0,0
2,44,0,1,0,1,60,,,,,,,1,18,29,1,blake_01,54,40,1,0,60,0,0,,0,0,0,0,0,0,0,,0,0,0,0,0,0,1,0,0,0,0
2,45,0,1,0,1,60,,,,,,,1,97,70,1,blake_11,270,40,1,0,60,0,0,,0,0,0,0,0,0,0,,0,0,0,0,0,0,1,0,0,0,0
2,46,0,1,0,1,60,,,,,,,1,52,65,1,blake_12,342,40,1,0,60,0,0,,0,0,0,0,0,0,0,,0,0,0,0,0,0,1,0,0,0,0
2,47,0,1,0,1,60,,,,,,,1,55,51,1,blake_04,90,40,1,0,60,0,0,,0,0,0,0,0,0,0,,0,0,0,0,0,0,1,0,0,0,0
2,48,0,1,0,1,60,,,,,,,1,74,32,1,blake_11,90,40,1,0,60,0,0,,0,0,0,0,0,0,0,,0,0,0,0,0,0,1,0,0,0,0
2,49,0,1,0,1,60,,,,,,,1,29,72,1,blake_11,306,40,1,0,60,0,0,,0,0,0,0,0,0,0,,0,0,0,0,0,0,1,0,0,0,0
2,50,0,1,0,1,60,,,,,,,1,53,94,1,blake_06,144,40,1,0,60,0,0,,0,0,0,0,0,0,0,,0,0,0,0,0,0,1,0,0,0,0
2,51,0,1,0,1,60,,,,,,,1,42,89,1,blake_10,72,40,1,0,60,0,0,,0,0,0,0,0,0,0,,0,0,0,0,0,0,1,0,0,0,0
2,52,0,1,0,1,60,,,,,,,1,6,61,1,blake_12,54,40,1,0,60,0,0,,0,0,0,0,0,0,0,,0,0,0,0,0,0,1,0,0,0,0
2,53,0,1,0,1,60,,,,,,,1,7,33,1,blake_06,90,40,1,0,60,0,0,,0,0,0,0,0,0,0,,0,0,0,0,0,0,1,0,0,0,0
2,54,0,1,0,1,60,,,,,,,1,38,41,1,blake_04,342,40,1,0,60,0,0,,0,0,0,0,0,0,0,,0,0,0,0,0,0,1,0,0,0,0
2,55,0,1,0,1,60,,,,,,,1,72,78,1,blake_08,18,40,1,0,60,0,0,,0,0,0,0,0,0,0,,0,0,0,0,0,0,1,0,0,0,0
2,56,0,1,0,1,60,,,,,,,1,3,1,1,blake_06,36,40,1,0,60,0,0,,0,0,0,0,0,0,0,,0,0,0,0,0,0,1,0,0,0,0
2,57,0,1,0,1,60,,,,,,,1,12,26,1,blake_08,252,40,1,0,60,0,0,,0,0,0,0,0,0,0,,0,0,0,0,0,0,1,0,0,0,0
2,58,0,1,0,1,60,,,,,,,1,92,54,1,blake_08,234,40,1,0,60,0,0,,0,0,0,0,0,0,0,,0,0,0,0,0,0,1,0,0,0,0
2,59,0,1,0,1,60,,,,,,,1,21,73,1,blake_08,54,40,1,0,60,0,0,,0,0,0,0,0,0,0,,0,0,0,0,0,0,1,0,0,0,0
2,60,0,1,0,1,60,,,,,,,1,67,8,1,blake_11,342,40,1,0,60,0,0,,0,0,0,0,0,0,0,,0,0,0,0,0,0,1,0,0,0,0
2,61,0,1,0,1,60,,,,,,,1,92,24,1,blake_10,0,40,1,0,60,0,0,,0,0,0,0,0,0,0,,0,0,0,0,0,0,1,0,0,0,0
2,62,0,1,0,1,60,,,,,,,1,61,33,1,blake_01,306,40,1,0,60,0,0,,0,0,0,0,0,0,0,,0,0,0,0,0,0,1,0,0,0,0
2,63,0,1,0,1,60,,,,,,,1,48,6,1,blake_08,288,40,1,0,60,0,0,,0,0,0,0,0,0,0,,0,0,0,0,0,0,1,0,0,0,0
2,64,0,1,0,1,60,,,,,,,1,12,64,1,blake_06,342,40,1,0,60,0,0,,0,0,0,0,0,0,0,,0,0,0,0,0,0,1,0,0,0,0
3,1,0,1,0,1,60,,,,,,,1,45,8,1,blake_01,234,40,1,0,60,0,0,,0,0,0,0,0,0,0,,0,0,0,0,0,0,1,0,0,0,0
3,2,0,1,0,1,60,,,,,,,1,80,96,1,blake_04,0,40,1,0,60,0,0,,0,0,0,0,0,0,0,,0,0,0,0,0,0,1,0,0,0,0
3,3,0,1,0,1,60,,,,,,,1,86,11,1,blake_08,162,40,1,0,60,0,0,,0,0,0,0,0,0,0,,0,0,0,0,0,0,1,0,0,0,0
3,4,0,1,0,1,60,,,,,,,1,44,54,1,blake_11,72,40,1,0,60,0,0,,0,0,0,0,0,0,0,,0,0,0,0,0,0,1,0,0,0,0
3,5,0,1,0,1,60,,,,,,,1,31,56,1,blake_10,234,40,1,0,60,0,0,,0,0,0,0,0,0,0,,0,0,0,0,0,0,1,0,0,0,0
3,6,0,1,0,1,60,,,,,,,1,57,75,1,blake_07,36,40,1,0,60,0,0,,0,0,0,0,0,0,0,,0,0,0,0,0,0,1,0,0,0,0
3,7,0,1,0,1,60,,,,,,,1,24,12,1,blake_04,252,40,1,0,60,0,0,,0,0,0,0,0,0,0,,0,0,0,0,0,0,1,0,0,0,0
3,8,0,1,0,1,60,,,,,,,1,23,77,1,blake_12,144,40,1,0,60,0,0,,0,0,0,0,0,0,0,,0,0,0,0,0,0,1,0,0,0,0
3,9,0,1,0,1,60,,,,,,,1,4,87,1,blake_12,0,40,1,0,60,0,0,,0,0,0,0,0,0,0,,0,0,0,0,0,0,1,0,0,0,0
3,10,0,1,0,1,60,,,,,,,1,15,69,1,blake_06,180,40,1,0,60,0,0,,0,0,0,0,0,0,0,,0,0,0,0,0,0,1,0,0,0,0
3,11,0,1,0,1,60,,,,,,,1,68,0,1,blake_07,252,40,1,0,60,0,0,,0,0,0,0,0,0,0,,0,0,0,0,0,0,1,0,0,0,0
3,12,0,1,0,1,60,,,,,,,1,47,33,1,blake_01,270,40,1,0,60,0,0,,0,0,0,0,0,0,0,,0,0,0,0,0,0,1,0,0,0,0
3,13,0,1,0,1,60,,,,,,,1,79,98,1,blake_01,126,40,1,0,60,0,0,,0,0,0,0,0,0,0,,0,0,0,0,0,0,1,0,0,0,0
3,14,0,1,0,1,60,,,,,,,1,23,95,1,blake_04,108,40,1,0,60,0,0,,0,0,0,0,0,0,0,,0,0,0,0,0,0,1,0,0,0,0
3,15,0,1,0,1,60,,,,,,,1,27,21,1,blake_01,126,40,1,0,60,0,0,,0,0,0,0,0,0,0,,0,0,0,0,0,0,1,0,0,0,0
3,16,0,1,0,1,60,,,,,,,1,44,37,1,blake_06,0,40,1,0,60,0,0,,0,0,0,0,0,0,0,,0,0,0,0,0,0,1,0,0,0,0
3,17,0,1,0,1,60,,,,,,,1,69,36,1,blake_08,54,40,1,0,60,0,0,,0,0,0,0,0,0,0,,0,0,0,0,0,0,1,0,0,0,0
3,18,0,1,0,1,60,,,,,,,1,33,53,1,blake_07,18,40,1,0,60,0,0,,0,0,0,0,0,0,0,,0,0,0,0,0,0,1,0,0,0,0
3,19,0,1,0,1,60,,,,,,,1,59,81,1,blake_11,180,40,1,0,60,0,0,,0,0,0,0,0,0,0,,0,0,0,0,0,0,1,0,0,0,0
3,20,0,1,0,1,60,,,,,,,1,75,73,1,blake_06,288,40,1,0,60,0,0,,0,0,0,0,0,0,0,,0,0,0,0,0,0,1,0,0,0,0
3,21,0,1,0,1,60,,,,,,,1,94,44,1,blake_04,306,40,1,0,60,0,0,,0,0,0,0,0,0,0,,0,0,0,0,0,0,1,0,0,0,0
3,22,0,1,0,1,60,,,,,,,1,85,71,1,blake_10,324,40,1,0,60,0,0,,0,0,0,0,0,0,0,,0,0,0,0,0,0,1,0,0,0,0
3,23,0,1,0,1,60,,,,,,,1,55,76,1,blake_08,90,40,1,0,60,0,0,,0,0,0,0,0,0,0,,0,0,0,0,0,0,1,0,0,0,0
3,24,0,1,0,1,60,,,,,,,1,17,54,1,blake_08,270,40,1,0,60,0,0,,0,0,0,0,0,0,0,,0,0,0,0,0,0,1,0,0,0,0
3,25,0,1,0,1,60,,,,,,,1,53,37,1,blake_01,198,40,1,0,60,0,0,,0,0,0,0,0,0,0,,0,0,0,0,0,0,1,0,0,0,0
3,26,0,1,0,1,60,,,,,,,1,46,73,1,blake_07,198,40,1,0,60,0,0,,0,0,0,0,0,0,0,,0,0,0,0,0,0,1,0,0,0,0
3,27,0,1,0,1,60,,,,,,,1,90,14,1,blake_12,90,40,1,0,60,0,0,,0,0,0,0,0,0,0,,0,0,0,0,0,0,1,0,0,0,0
3,28,0,1,0,1,60,,,,,,,1,78,28,1,blake_01,342,40,1,0,60,0,0,,0,0,0,0,0,0,0,,0,0,0,0,0,0,1,0,0,0,0
3,29,0,1,0,1,60,,,,,,,1,40,41,1,blake_10,324,40,1,0,60,0,0,,0,0,0,0,0,0,0,,0,0,0,0,0,0,1,0,0,0,0
3,30,0,1,0,1,60,,,,,,,1,70,53,1,blake_07,198,40,1,0,60,0,0,,0,0,0,0,0,0,0,,0,0,0,0,0,0,1,0,0,0,0
3,31,0,1,0,1,60,,,,,,,1,64,67,1,blake_06,90,40,1,0,60,0,0,,0,0,0,0,0,0,0,,0,0,0,0,0,0,1,0,0,0,0
3,32,0,1,0,1,60,,,,,,,1,56,8,1,blake_06,90,40,1,0,60,0,0,,0,0,0,0,0,0,0,,0,0,0,0,0,0,1,0,0,0,0
3,33,0,1,0,1,60,,,,,,,1,16,21,1,blake_04,72,40,1,0,60,0,0,,0,0,0,0,0,0,0,,0,0,0,0,0,0,1,0,0,0,0
3,34,0,1,0,1,60,,,,,,,1,74,2,1,blake_11,72,40,1,0,60,0,0,,0,0,0,0,0,0,0,,0,0,0,0,0,0,1,0,0,0,0
3,35,0,1,0,1,60,,,,,,,1,57,29,1,blake_07,288,40,1,0,60,0,0,,0,0,0,0,0,0,0,,0,0,0,0,0,0,1,0,0,0,0
3,36,0,1,0,1,60,,,,,,,1,1,20,1,blake_11,36,40,1,0,60,0,0,,0,0,0,0,0,0,0,,0,0,0,0,0,0,1,0,0,0,0
3,37,0,1,0,1,60,,,,,,,1,84,20,1,blake_04,234,40,1,0,60,0,0,,0,0,0,0,0,0,0,,0,0,0,0,0,0,1,0,0,0,0
3,38,0,1,0,1,60,,,,,,,1,11,54,1,blake_10,18,40,1,0,60,0,0,,0,0,0,0,0,0,0,,0,0,0,0,0,0,1,0,0,0,0
3,39,0,1,0,1,60,,,,,,,1,38,13,1,blake_08,36,40,1,0,60,0,0,,0,0,0,0,0,0,0,,0,0,0,0,0,0,1,0,0,0,0
3,40,0,1,0,1,60,,,,,,,1,90,1,1,blake_04,270,40,1,0,60,0,0,,0,0,0,0,0,0,0,,0,0,0,0,0,0,1,0,0,0,0
3,41,0,1,0,1,60,,,,,,,1,52,82,1,blake_08,288,40,1,0,60,0,0,,0,0,0,0,0,0,0,,0,0,0,0,0,0,1,0,0,0,0
3,42,0,1,0,1,60,,,,,,,1,84,92,1,blake_06,108,40,1,0,60,0,0,,0,0,0,0,0,0,0,,0,0,0,0,0,0,1,0,0,0,0
3,43,0,1,0,1,60,,,,,,,1,50,16,1,blake_07,0,40,1,0,60,0,0,,0,0,0,0,0,0,0,,0,0,0,0,0,0,1,0,0,0,0
3,44,0,1,0,1,60,,,,,,,1,93,81,1,blake_10,198,40,1,0,60,0,0,,0,0,0,0,0,0,0,,0,0,0,0,0,0,1,0,0,0,0
3,45,0,1,0,1,60,,,,,,,1,1,47,1,blake_08,342,40,1,0,60,0,0,,0,0,0,0,0,0,0,,0,0,0,0,0,0,1,0,0,0,0
3,46,0,1,0,1,60,,,,,,,1,12,28,1,blake_12,270,40,1,0,60,0,0,,0,0,0,0,0,0,0,,0,0,0,0,0,0,1,0,0,0,0
3,47,0,1,0,1,60,,,,,,,1,50,12,1,blake_01,180,40,1,0,60,0,0,,0,0,0,0,0,0,0,,0,0,0,0,0,0,1,0,0,0,0
3,48,0,1,0,1,60,,,,,,,1,36,24,1,blake_07,198,40,1,0,60,0,0,,0,0,0,0,0,0,0,,0,0,0,0,0,0,1,0,0,0,0
3,49,0,1,0,1,60,,,,,,,1,57,56,1,blake_01,18,40,1,0,60,0,0,,0,0,0,0,0,0,0,,0,0,0,0,0,0,1,0,0,0,0
3,50,0,1,0,1,60,,,,,,,1,88,22,1,blake_11,342,40,1,0,60,0,0,,0,0,0,0,0,0,0,,0,0,0,0,0,0,1,0,0,0,0
3,51,0,1,0,1,60,,,,,,,1,21,51,1,blake_04,288,40,1,0,60,0,0,,0,0,0,0,0,0,0,,0,0,0,0,0,0,1,0,0,0,0
3,52,0,1,0,1,60,,,,,,,1,100,17,1,blake_08,108,40,1,0,60,0,0,,0,0,0,0,0,0,0,,0,0,0,0,0,0,1,0,0,0,0
3,53,0,1,0,1,60,,,,,,,1,2,31,1,blake_01,216,40,1,0,60,0,0,,0,0,0,0,0,0,0,,0,0,0,0,0,0,1,0,0,0,0
3,54,0,1,0,1,60,,,,,,,1,75,56,1,blake_07,252,40,1,0,60,0,0,,0,0,0,0,0,0,0,,0,0,0,0,0,0,1,0,0,0,0
3,55,0,1,0,1,60,,,,,,,1,79,85,1,blake_10,108,40,1,0,60,0,0,,0,0,0,0,0,0,0,,0,0,0,0,0,0,1,0,0,0,0
3,56,0,1,0,1,60,,,,,,,1,3,54,1,blake_01,306,40,1,0,60,0,0,,0,0,0,0,0,0,0,,0,0,0,0,0,0,1,0,0,0,0
3,57,0,1,0,1,60,,,,,,,1,57,54,1,blake_12,324,40,1,0,60,0,0,,0,0,0,0,0,0,0,,0,0,0,0,0,0,1,0,0,0,0
3,58,0,1,0,1,60,,,,,,,1,11,46,1,blake_10,54,40,1,0,60,0,0,,0,0,0,0,0,0,0,,0,0,0,0,0,0,1,0,0,0,0
3,59,0,1,0,1,60,,,,,,,1,80,51,1,blake_10,108,40,1,0,60,0,0,,0,0,0,0,0,0,0,,0,0,0,0,0,0,1,0,0,0,0
3,60,0,1,0,1,60,,,,,,,1,95,34,1,blake_10,216,40,1,0,60,0,0,,0,0,0,0,0,0,0,,0,0,0,0,0,0,1,0,0,0,0
3,61,0,1,0,1,60,,,,,,,1,48,53,1,blake_10,144,40,1,0,60,0,0,,0,0,0,0,0,0,0,,0,0,0,0,0,0,1,0,0,0,0
3,62,0,1,0,1,60,,,,,,,1,91,59,1,blake_07,144,40,1,0,60,0,0,,0,0,0,0,0,0,0,,0,0,0,0,0,0,1,0,0,0,0
3,63,0,1,0,1,60,,,,,,,1,62,15,1,blake_11,108,40,1,0,60,0,0,,0,0,0,0,0,0,0,,0,0,0,0,0,0,1,0,0,0,0
3,64,0,1,0,1,60,,,,,,,1,64,13,1,blake_01,90,40,1,0,60,0,0,,0,0,0,0,0,0,0,,0,0,0,0,0,0,1,0,0,0,0
4,1,0,1,0,1,60,,,,,,,1,6,88,1,blake_10,144,40,1,0,60,0,0,,0,0,0,0,0,0,0,,0,0,0,0,0,0,1,0,0,0,0
4,2,0,1,0,1,60,,,,,,,1,23,24,1,blake_11,90,40,1,0,60,0,0,,0,0,0,0,0,0,0,,0,0,0,0,0,0,1,0,0,0,0
4,3,0,1,0,1,60,,,,,,,1,99,25,1,blake_04,0,40,1,0,60,0,0,,0,0,0,0,0,0,0,,0,0,0,0,0,0,1,0,0,0,0
4,4,0,1,0,1,60,,,,,,,1,29,21,1,blake_01,126,40,1,0,60,0,0,,0,0,0,0,0,0,0,,0,0,0,0,0,0,1,0,0,0,0
4,5,0,1,0,1,60,,,,,,,1,21,34,1,blake_04,288,40,1,0,60,0,0,,0,0,0,0,0,0,0,,0,0,0,0,0,0,1,0,0,0,0
4,6,0,1,0,1,60,,,,,,,1,18,39,1,blake_08,90,40,1,0,60,0,0,,0,0,0,0,0,0,0,,0,0,0,0,0,0,1,0,0,0,0
4,7,0,1,0,1,60,,,,,,,1,87,35,1,blake_04,288,40,1,0,60,0,0,,0,0,0,0,0,0,0,,0,0,0,0,0,0,1,0,0,0,0
4,8,0,1,0,1,60,,,,,,,1,98,26,1,blake_08,72,40,1,0,60,0,0,,0,0,0,0,0,0,0,,0,0,0,0,0,0,1,0,0,0,0
4,9,0,1,0,1,60,,,,,,,1,18,46,1,blake_04,90,40,1,0,60,0,0,,0,0,0,0,0,0,0,,0,0,0,0,0,0,1,0,0,0,0
4,10,0,1,0,1,60,,,,,,,1,51,24,1,blake_04,234,40,1,0,60,0,0,,0,0,0,0,0,0,0,,0,0,0,0,0,0,1,0,0,0,0
4,11,0,1,0,1,60,,,,,,,1,4,98,1,blake_10,324,40,1,0,60,0,0,,0,0,0,0,0,0,0,,0,0,0,0,0,0,1,0,0,0,0
4,12,0,1,0,1,60,,,,,,,1,19,2,1,blake_08,198,40,1,0,60,0,0,,0,0,0,0,0,0,0,,0,0,0,0,0,0,1,0,0,0,0
4,13,0,1,0,1,60,,,,,,,1,28,39,1,blake_11,180,40,1,0,60,0,0,,0,0,0,0,0,0,0,,0,0,0,0,0,0,1,0,0,0,0
4,14,0,1,0,1,60,,,,,,,1,22,92,1,blake_10,108,40,1,0,60,0,0,,0,0,0,0,0,0,0,,0,0,0,0,0,0,1,0,0,0,0
4,15,0,1,0,1,60,,,,,,,1,21,16,1,blake_01,54,40,1,0,60,0,0,,0,0,0,0,0,0,0,,0,0,0,0,0,0,1,0,0,0,0
4,16,0,1,0,1,60,,,,,,,1,49,38,1,blake_01,36,40,1,0,60,0,0,,0,0,0,0,0,0,0,,0,0,0,0,0,0,1,0,0,0,0
4,17,0,1,0,1,60,,,,,,,1,84,52,1,blake_06,306,40,1,0,60,0,0,,0,0,0,0,0,0,0,,0,0,0,0,0,0,1,0,0,0,0
4,18,0,1,0,1,60,,,,,,,1,9,6,1,blake_08,126,40,1,0,60,0,0,,0,0,0,0,0,0,0,,0,0,0,0,0,0,1,0,0,0,0
4,19,0,1,0,1,60,,,,,,,1,6,24,1,blake_08,324,40,1,0,60,0,0,,0,0,0,0,0,0,0,,0,0,0,0,0,0,1,0,0,0,0
4,20,0,1,0,1,60,,,,,,,1,56,33,1,blake_11,126,40,1,0,60,0,0,,0,0,0,0,0,0,0,,0,0,0,0,0,0,1,0,0,0,0
4,21,0,1,0,1,60,,,,,,,1,60,35,1,blake_01,198,40,1,0,60,0,0,,0,0,0,0,0,0,0,,0,0,0,0,0,0,1,0,0,0,0
4,22,0,1,0,1,60,,,,,,,1,27,19,1,blake_10,108,40,1,0,60,0,0,,0,0,0,0,0,0,0,,0,0,0,0,0,0,1,0,0,0,0
4,23,0,1,0,1,60,,,,,,,1,1,28,1,blake_06,108,40,1,0,60,0,0,,0,0,0,0,0,0,0,,0,0,0,0,0,0,1,0,0,0,0
4,24,0,1,0,1,60,,,,,,,1,25,54,1,blake_04,36,40,1,0,60,0,0,,0,0,0,0,0,0,0,,0,0,0,0,0,0,1,0,0,0,0
4,25,0,1,0,1,60,,,,,,,1,22,90,1,blake_11,324,40,1,0,60,0,0,,0,0,0,0,0,0,0,,0,0,0,0,0,0,1,0,0,0,0
4,26,0,1,0,1,60,,,,,,,1,94,87,1,blake_04,54,40,1,0,60,0,0,,0,0,0,0,0,0,0,,0,0,0,0,0,0,1,0,0,0,0
4,27,0,1,0,1,60,,,,,,,1,54,77,1,blake_07,54,40,1,0,60,0,0,,0,0,0,0,0,0,0,,0,0,0,0,0,0,1,0,0,0,0
4,28,0,1,0,1,60,,,,,,,1,99,86,1,blake_04,234,40,1,0,60,0,0,,0,0,0,0,0,0,0,,0,0,0,0,0,0,1,0,0,0,0
4,29,0,1,0,1,60,,,,,,,1,15,11,1,blake_10,288,40,1,0,60,0,0,,0,0,0,0,0,0,0,,0,0,0,0,0,0,1,0,0,0,0
4,30,0,1,0,1,60,,,,,,,1,81,41,1,blake_11,18,40,1,0,60,0,0,,0,0,0,0,0,0,0,,0,0,0,0,0,0,1,0,0,0,0
4,31,0,1,0,1,60,,,,,,,1,16,19,1,blake_10,252,40,1,0,60,0,0,,0,0,0,0,0,0,0,,0,0,0,0,0,0,1,0,0,0,0
4,32,0,1,0,1,60,,,,,,,1,73,27,1,blake_08,342,40,1,0,60,0,0,,0,0,0,0,0,0,0,,0,0,0,0,0,0,1,0,0,0,0
4,33,0,1,0,1,60,,,,,,,1,21,74,1,blake_06,342,40,1,0,60,0,0,,0,0,0,0,0,0,0,,0,0,0,0,0,0,1,0,0,0,0
4,34,0,1,0,1,60,,,,,,,1,29,82,1,blake_12,144,40,1,0,60,0,0,,0,0,0,0,0,0,0,,0,0,0,0,0,0,1,0,0,0,0
4,35,0,1,0,1,60,,,,,,,1,87,41,1,blake_11,324,40,1,0,60,0,0,,0,0,0,0,0,0,0,,0,0,0,0,0,0,1,0,0,0,0
4,36,0,1,0,1,60,,,,,,,1,43,1,1,blake_04,36,40,1,0,60,0,0,,0,0,0,0,0,0,0,,0,0,0,0,0,0,1,0,0,0,0
4,37,0,1,0,1,60,,,,,,,1,99,69,1,blake_08,0,40,1,0,60,0,0,,0,0,0,0,0,0,0,,0,0,0,0,0,0,1,0,0,0,0
4,38,0,1,0,1,60,,,,,,,1,62,83,1,blake_11,288,40,1,0,60,0,0,,0,0,0,0,0,0,0,,0,0,0,0,0,0,1,0,0,0,0
4,39,0,1,0,1,60,,,,,,,1,42,0,1,blake_04,126,40,1,0,60,0,0,,0,0,0,0,0,0,0,,0,0,0,0,0,0,1,0,0,0,0
4,40,0,1,0,1,60,,,,,,,1,58,90,1,blake_06,54,40,1,0,60,0,0,,0,0,0,0,0,0,0,,0,0,0,0,0,0,1,0,0,0,0
4,41,0,1,0,1,60,,,,,,,1,62,66,1,blake_04,252,40,1,0,60,0,0,,0,0,0,0,0,0,0,,0,0,0,0,0,0,1,0,0,0,0
4,42,0,1,0,1,60,,,,,,,1,14,10,1,blake_11,18,40,1,0,60,0,0,,0,0,0,0,0,0,0,,0,0,0,0,0,0,1,0,0,0,0
4,43,0,1,0,1,60,,,,,,,1,43,60,1,blake_08,36,40,1,0,60,0,0,,0,0,0,0,0,0,0,,0,0,0,0,0,0,1,0,0,0,0
4,44,0,1,0,1,60,,,,,,,1,51,50,1,blake_08,144,40,1,0,60,0,0,,0,0,0,0,0,0,0,,0,0,0,0,0,0,1,0,0,0,0
4,45,0,1,0,1,60,,,,,,,1,23,44,1,blake_06,144,40,1,0,60,0,0,,0,0,0,0,0,0,0,,0,0,0,0,0,0,1,0,0,0,0
4,46,0,1,0,1,60,,,,,,,1,10,24,1,blake_08,108,40,1,0,60,0,0,,0,0,0,0,0,0,0,,0,0,0,0,0,0,1,0,0,0,0
4,47,0,1,0,1,60,,,,,,,1,39,11,1,blake_12,54,40,1,0,60,0,0,,0,0,0,0,0,0,0,,0,0,0,0,0,0,1,0,0,0,0
4,48,0,1,0,1,60,,,,,,,1,9,87,1,blake_06,72,40,1,0,60,0,0,,0,0,0,0,0,0,0,,0,0,0,0,0,0,1,0,0,0,0
4,49,0,1,0,1,60,,,,,,,1,61,48,1,blake_06,162,40,1,0,60,0,0,,0,0,0,0,0,0,0,,0,0,0,0,0,0,1,0,0,0,0
4,50,0,1,0,1,60,,,,,,,1,74,53,1,blake_12,324,40,1,0,60,0,0,,0,0,0,0,0,0,0,,0,0,0,0,0,0,1,0,0,0,0
4,51,0,1,0,1,60,,,,,,,1,52,8,1,blake_04,0,40,1,0,60,0,0,,0,0,0,0,0,0,0,,0,0,0,0,0,0,1,0,0,0,0
4,52,0,1,0,1,60,,,,,,,1,36,45,1,blake_10,252,40,1,0,60,0,0,,0,0,0,0,0,0,0,,0,0,0,0,0,0,1,0,0,0,0
4,53,0,1,0,1,60,,,,,,,1,9,97,1,blake_04,54,40,1,0,60,0,0,,0,0,0,0,0,0,0,,0,0,0,0,0,0,1,0,0,0,0
4,54,0,1,0,1,60,,,,,,,1,5,76,1,blake_08,126,40,1,0,60,0,0,,0,0,0,0,0,0,0,,0,0,0,0,0,0,1,0,0,0,0
4,55,0,1,0,1,60,,,,,,,1,29,36,1,blake_01,18,40,1,0,60,0,0,,0,0,0,0,0,0,0,,0,0,0,0,0,0,1,0,0,0,0
4,56,0,1,0,1,60,,,,,,,1,87,57,1,blake_06,0,40,1,0,60,0,0,,0,0,0,0,0,0,0,,0,0,0,0,0,0,1,0,0,0,0
4,57,0,1,0,1,60,,,,,,,1,80,60,1,blake_04,72,40,1,0,60,0,0,,0,0,0,0,0,0,0,,0,0,0,0,0,0,1,0,0,0,0
4,58,0,1,0,1,60,,,,,,,1,10,94,1,blake_01,162,40,1,0,60,0,0,,0,0,0,0,0,0,0,,0,0,0,0,0,0,1,0,0,0,0
4,59,0,1,0,1,60,,,,,,,1,7,16,1,blake_10,216,40,1,0,60,0,0,,0,0,0,0,0,0,0,,0,0,0,0,0,0,1,0,0,0,0
4,60,0,1,0,1,60,,,,,,,1,50,6,1,blake_10,342,40,1,0,60,0,0,,0,0,0,0,0,0,0,,0,0,0,0,0,0,1,0,0,0,0
4,61,0,1,0,1,60,,,,,,,1,29,92,1,blake_10,288,40,1,0,60,0,0,,0,0,0,0,0,0,0,,0,0,0,0,0,0,1,0,0,0,0
4,62,0,1,0,1,60,,,,,,,1,92,67,1,blake_06,270,40,1,0,60,0,0,,0,0,0,0,0,0,0,,0,0,0,0,0,0,1,0,0,0,0
4,63,0,1,0,1,60,,,,,,,1,38,41,1,blake_01,342,40,1,0,60,0,0,,0,0,0,0,0,0,0,,0,0,0,0,0,0,1,0,0,0,0
4,64,0,1,0,1,60,,,,,,,1,13,36,1,blake_06,54,40,1,0,60,0,0,,0,0,0,0,0,0,0,,0,0,0,0,0,0,1,0,0,0,0
5,1,0,1,0,1,60,,,,,,,1,95,11,1,blake_08,234,40,1,0,60,0,0,,0,0,0,0,0,0,0,,0,0,0,0,0,0,1,0,0,0,0
5,2,0,1,0,1,60,,,,,,,1,29,88,1,blake_12,234,40,1,0,60,0,0,,0,0,0,0,0,0,0,,0,0,0,0,0,0,1,0,0,0,0
5,3,0,1,0,1,60,,,,,,,1,26,94,1,blake_07,126,40,1,0,60,0,0,,0,0,0,0,0,0,0,,0,0,0,0,0,0,1,0,0,0,0
5,4,0,1,0,1,60,,,,,,,1,40,6,1,blake_07,36,40,1,0,60,0,0,,0,0,0,0,0,0,0,,0,0,0,0,0,0,1,0,0,0,0
5,5,0,1,0,1,60,,,,,,,1,66,57,1,blake_11,108,40,1,0,60,0,0,,0,0,0,0,0,0,0,,0,0,0,0,0,0,1,0,0,0,0
5,6,0,1,0,1,60,,,,,,,1,25,96,1,blake_10,252,40,1,0,60,0,0,,0,0,0,0,0,0,0,,0,0,0,0,0,0,1,0,0,0,0
5,7,0,1,0,1,60,,,,,,,1,85,94,1,blake_08,126,40,1,0,60,0,0,,0,0,0,0,0,0,0,,0,0,0,0,0,0,1,0,0,0,0
5,8,0,1,0,1,60,,,,,,,1,23,71,1,blake_11,216,40,1,0,60,0,0,,0,0,0,0,0,0,0,,0,0,0,0,0,0,1,0,0,0,0
5,9,0,1,0,1,60,,,,,,,1,29,76,1,blake_07,306,40,1,0,60,0,0,,0,0,0,0,0,0,0,,0,0,0,0,0,0,1,0,0,0,0
5,10,0,1,0,1,60,,,,,,,1,5,55,1,blake_10,126,40,1,0,60,0,0,,0,0,0,0,0,0,0,,0,0,0,0,0,0,1,0,0,0,0
5,11,0,1,0,1,60,,,,,,,1,75,67,1,blake_01,270,40,1,0,60,0,0,,0,0,0,0,0,0,0,,0,0,0,0,0,0,1,0,0,0,0
5,12,0,1,0,1,60,,,,,,,1,80,51,1,blake_07,90,40,1,0,60,0,0,,0,0,0,0,0,0,0,,0,0,0,0,0,0,1,0,0,0,0
5,13,0,1,0,1,60,,,,,,,1,85,96,1,blake_10,324,40,1,0,60,0,0,,0,0,0,0,0,0,0,,0,0,0,0,0,0,1,0,0,0,0
5,14,0,1,0,1,60,,,,,,,1,11,67,1,blake_07,72,40,1,0,60,0,0,,0,0,0,0,0,0,0,,0,0,0,0,0,0,1,0,0,0,0
5,15,0,1,0,1,60,,,,,,,1,54,41,1,blake_10,252,40,1,0,60,0,0,,0,0,0,0,0,0,0,,0,0,0,0,0,0,1,0,0,0,0
5,16,0,1,0,1,60,,,,,,,1,62,70,1,blake_04,162,40,1,0,60,0,0,,0,0,0,0,0,0,0,,0,0,0,0,0,0,1,0,0,0,0
5,17,0,1,0,1,60,,,,,,,1,5,68,1,blake_12,324,40,1,0,60,0,0,,0,0,0,0,0,0,0,,0,0,0,0,0,0,1,0,0,0,0
5,18,0,1,0,1,60,,,,,,,1,48,49,1,blake_01,288,40,1,0,60,0,0,,0,0,0,0,0,0,0,,0,0,0,0,0,0,1,0,0,0,0
5,19,0,1,0,1,60,,,,,,,1,78,94,1,blake_04,234,40,1,0,60,0,0,,0,0,0,0,0,0,0,,0,0,0,0,0,0,1,0,0,0,0
5,20,0,1,0,1,60,,,,,,,1,76,35,1,blake_12,180,40,1,0,60,0,0,,0,0,0,0,0,0,0,,0,0,0,0,0,0,1,0,0,0,0
5,21,0,1,0,1,60,,,,,,,1,38,70,1,blake_01,126,40,1,0,60,0,0,,0,0,0,0,0,0,0,,0,0,0,0,0,0,1,0,0,0,0
5,22,0,1,0,1,60,,,,,,,1,19,36,1,blake_06,108,40,1,0,60,0,0,,0,0,0,0,0,0,0,,0,0,0,0,0,0,1,0,0,0,0
5,23,0,1,0,1,60,,,,,,,1,8,42,1,blake_07,0,40,1,0,60,0,0,,0,0,0,0,0,0,0,,0,0,0,0,0,0,1,0,0,0,0
5,24,0,1,0,1,60,,,,,,,1,11,72,1,blake_01,252,40,1,0,60,0,0,,0,0,0,0,0,0,0,,0,0,0,0,0,0,1,0,0,0,0
5,25,0,1,0,1,60,,,,,,,1,68,6,1,blake_04,180,40,1,0,60,0,0,,0,0,0,0,0,0,0,,0,0,0,0,0,0,1,0,0,0,0
5,26,0,1,0,1,60,,,,,,,1,70,79,1,blake_10,324,40,1,0,60,0,0,,0,0,0,0,0,0,0,,0,0,0,0,0,0,1,0,0,0,0
5,27,0,1,0,1,60,,,,,,,1,18,12,1,blake_10,342,40,1,0,60,0,0,,0,0,0,0,0,0,0,,0,0,0,0,0,0,1,0,0,0,0
5,28,0,1,0,1,60,,,,,,,1,90,65,1,blake_10,270,40,1,0,60,0,0,,0,0,0,0,0,0,0,,0,0,0,0,0,0,1,0,0,0,0
5,29,0,1,0,1,60,,,,,,,1,74,93,1,blake_10,108,40,1,0,60,0,0,,0,0,0,0,0,0,0,,0,0,0,0,0,0,1,0,0,0,0
5,30,0,1,0,1,60,,,,,,,1,38,91,1,blake_04,342,40,1,0,60,0,0,,0,0,0,0,0,0,0,,0,0,0,0,0,0,1,0,0,0,0
5,31,0,1,0,1,60,,,,,,,1,22,2,1,blake_10,324,40,1,0,60,0,0,,0,0,0,0,0,0,0,,0,0,0,0,0,0,1,0,0,0,0
5,32,0,1,0,1,60,,,,,,,1,91,49,1,blake_12,198,40,1,0,60,0,0,,0,0,0,0,0,0,0,,0,0,0,0,0,0,1,0,0,0,0
5,33,0,1,0,1,60,,,,,,,1,54,89,1,blake_06,72,40,1,0,60,0,0,,0,0,0,0,0,0,0,,0,0,0,0,0,0,1,0,0,0,0
5,34,0,1,0,1,60,,,,,,,1,59,26,1,blake_06,162,40,1,0,60,0,0,,0,0,0,0,0,0,0,,0,0,0,0,0,0,1,0,0,0,0
5,35,0,1,0,1,60,,,,,,,1,15,91,1,blake_08,234,40,1,0,60,0,0,,0,0,0,0,0,0,0,,0,0,0,0,0,0,1,0,0,0,0
5,36,0,1,0,1,60,,,,,,,1,38,80,1,blake_08,180,40,1,0,60,0,0,,0,0,0,0,0,0,0,,0,0,0,0,0,0,1,0,0,0,0
5,37,0,1,0,1,60,,,,,,,1,60,46,1,blake_10,36,40,1,0,60,0,0,,0,0,0,0,0,0,0,,0,0,0,0,0,0,1,0,0,0,0
5,38,0,1,0,1,60,,,,,,,1,97,2,1,blake_10,126,40,1,0,60,0,0,,0,0,0,0,0,0,0,,0,0,0,0,0,0,1,0,0,0,0
5,39,0,1,0,1,60,,,,,,,1,56,48,1,blake_06,234,40,1,0,60,0,0,,0,0,0,0,0,0,0,,0,0,0,0,0,0,1,0,0,0,0
5,40,0,1,0,1,60,,,,,,,1,95,0,1,blake_12,126,40,1,0,60,0,0,,0,0,0,0,0,0,0,,0,0,0,0,0,0,1,0,0,0,0
5,41,0,1,0,1,60,,,,,,,1,14,41,1,blake_07,36,40,1,0,60,0,0,,0,0,0,0,0,0,0,,0,0,0,0,0,0,1,0,0,0,0
5,42,0,1,0,1,60,,,,,,,1,52,56,1,blake_11,162,40,1,0,60,0,0,,0,0,0,0,0,0,0,,0,0,0,0,0,0,1,0,0,0,0
5,43,0,1,0,1,60,,,,,,,1,82,8,1,blake_04,270,40,1,0,60,0,0,,0,0,0,0,0,0,0,,0,0,0,0,0,0,1,0,0,0,0
5,44,0,1,0,1,60,,,,,,,1,28,43,1,blake_04,108,40,1,0,60,0,0,,0,0,0,0,0,0,0,,0,0,0,0,0,0,1,0,0,0,0
5,45,0,1,0,1,60,,,,,,,1,45,31,1,blake_04,234,40,1,0,60,0,0,,0,0,0,0,0,0,0,,0,0,0,0,0,0,1,0,0,0,0
5,46,0,1,0,1,60,,,,,,,1,81,10,1,blake_12,216,40,1,0,60,0,0,,0,0,0,0,0,0,0,,0,0,0,0,0,0,1,0,0,0,0
5,47,0,1,0,1,60,,,,,,,1,23,71,1,blake_06,270,40,1,0,60,0,0,,0,0,0,0,0,0,0,,0,0,0,0,0,0,1,0,0,0,0
5,48,0,1,0,1,60,,,,,,,1,73,35,1,blake_07,324,40,1,0,60,0,0,,0,0,0,0,0,0,0,,0,0,0,0,0,0,1,0,0,0,0
5,49,0,1,0,1,60,,,,,,,1,54,97,1,blake_01,72,40,1,0,60,0,0,,0,0,0,0,0,0,0,,0,0,0,0,0,0,1,0,0,0,0
5,50,0,1,0,1,60,,,,,,,1,64,3,1,blake_10,126,40,1,0,60,0,0,,0,0,0,0,0,0,0,,0,0,0,0,0,0,1,0,0,0,0
5,51,0,1,0,1,60,,,,,,,1,27,12,1,blake_07,18,40,1,0,60,0,0,,0,0,0,0,0,0,0,,0,0,0,0,0,0,1,0,0,0,0
5,52,0,1,0,1,60,,,,,,,1,33,54,1,blake_10,162,40,1,0,60,0,0,,0,0,0,0,0,0,0,,0,0,0,0,0,0,1,0,0,0,0
5,53,0,1,0,1,60,,,,,,,1,25,71,1,blake_06,72,40,1,0,60,0,0,,0,0,0,0,0,0,0,,0,0,0,0,0,0,1,0,0,0,0
5,54,0,1,0,1,60,,,,,,,1,67,7,1,blake_10,108,40,1,0,60,0,0,,0,0,0,0,0,0,0,,0,0,0,0,0,0,1,0,0,0,0
5,55,0,1,0,1,60,,,,,,,1,56,16,1,blake_08,270,40,1,0,60,0,0,,0,0,0,0,0,0,0,,0,0,0,0,0,0,1,0,0,0,0
5,56,0,1,0,1,60,,,,,,,1,8,41,1,blake_08,252,40,1,0,60,0,0,,0,0,0,0,0,0,0,,0,0,0,0,0,0,1,0,0,0,0
5,57,0,1,0,1,60,,,,,,,1,71,25,1,blake_04,108,40,1,0,60,0,0,,0,0,0,0,0,0,0,,0,0,0,0,0,0,1,0,0,0,0
5,58,0,1,0,1,60,,,,,,,1,87,7,1,blake_12,234,40,1,0,60,0,0,,0,0,0,0,0,0,0,,0,0,0,0,0,0,1,0,0,0,0
5,59,0,1,0,1,60,,,,,,,1,76,43,1,blake_10,288,40,1,0,60,0,0,,0,0,0,0,0,0,0,,0,0,0,0,0,0,1,0,0,0,0
5,60,0,1,0,1,60,,,,,,,1,72,95,1,blake_08,162,40,1,0,60,0,0,,0,0,0,0,0,0,0,,0,0,0,0,0,0,1,0,0,0,0
5,61,0,1,0,1,60,,,,,,,1,63,62,1,blake_10,288,40,1,0,60,0,0,,0,0,0,0,0,0,0,,0,0,0,0,0,0,1,0,0,0,0
5,62,0,1,0,1,60,,,,,,,1,9,31,1,blake_06,144,40,1,0,60,0,0,,0,0,0,0,0,0,0,,0,0,0,0,0,0,1,0,0,0,0
5,63,0,1,0,1,60,,,,,,,1,61,40,1,blake_06,324,40,1,0,60,0,0,,0,0,0,0,0,0,0,,0,0,0,0,0,0,1,0,0,0,0
5,64,0,1,0,1,60,,,,,,,1,10,20,1,blake_07,234,40,1,0,60,0,0,,0,0,0,0,0,0,0,,0,0,0,0,0,0,1,0,0,0,0
6,1,0,1,0,1,60,,,,,,,1,34,91,1,blake_07,144,40,1,0,60,0,0,,0,0,0,0,0,0,0,,0,0,0,0,0,0,1,0,0,0,0
6,2,0,1,0,1,60,,,,,,,1,19,78,1,blake_11,198,40,1,0,60,0,0,,0,0,0,0,0,0,0,,0,0,0,0,0,0,1,0,0,0,0
6,3,0,1,0,1,60,,,,,,,1,98,55,1,blake_06,90,40,1,0,60,0,0,,0,0,0,0,0,0,0,,0,0,0,0,0,0,1,0,0,0,0
6,4,0,1,0,1,60,,,,,,,1,0,56,1,blake_07,270,40,1,0,60,0,0,,0,0,0,0,0,0,0,,0,0,0,0,0,0,1,0,0,0,0
6,5,0,1,0,1,60,,,,,,,1,46,92,1,blake_08,180,40,1,0,60,0,0,,0,0,0,0,0,0,0,,0,0,0,0,0,0,1,0,0,0,0
6,6,0,1,0,1,60,,,,,,,1,14,72,1,blake_01,108,40,1,0,60,0,0,,0,0,0,0,0,0,0,,0,0,0,0,0,0,1,0,0,0,0
6,7,0,1,0,1,60,,,,,,,1,9,82,1,blake_04,216,40,1,0,60,0,0,,0,0,0,0,0,0,0,,0,0,0,0,0,0,1,0,0,0,0
6,8,0,1,0,1,60,,,,,,,1,64,95,1,blake_10,216,40,1,0,60,0,0,,0,0,0,0,0,0,0,,0,0,0,0,0,0,1,0,0,0,0
6,9,0,1,0,1,60,,,,,,,1,76,14,1,blake_10,216,40,1,0,60,0,0,,0,0,0,0,0,0,0,,0,0,0,0,0,0,1,0,0,0,0
6,10,0,1,0,1,60,,,,,,,1,21,38,1,blake_11,90,40,1,0,60,0,0,,0,0,0,0,0,0,0,,0,0,0,0,0,0,1,0,0,0,0
6,11,0,1,0,1,60,,,,,,,1,64,8,1,blake_06,162,40,1,0,60,0,0,,0,0,0,0,0,0,0,,0,0,0,0,0,0,1,0,0,0,0
6,12,0,1,0,1,60,,,,,,,1,86,63,1,blake_08,0,40,1,0,60,0,0,,0,0,0,0,0,0,0,,0,0,0,0,0,0,1,0,0,0,0
6,13,0,1,0,1,60,,,,,,,1,99,42,1,blake_08,18,40,1,0,60,0,0,,0,0,0,0,0,0,0,,0,0,0,0,0,0,1,0,0,0,0
6,14,0,1,0,1,60,,,,,,,1,32,70,1,blake_12,252,40,1,0,60,0,0,,0,0,0,0,0,0,0,,0,0,0,0,0,0,1,0,0,0,0
6,15,0,1,0,1,60,,,,,,,1,62,36,1,blake_12,144,40,1,0,60,0,0,,0,0,0,0,0,0,0,,0,0,0,0,0,0,1,0,0,0,0
6,16,0,1,0,1,60,,,,,,,1,87,4,1,blake_04,252,40,1,0,60,0,0,,0,0,0,0,0,0,0,,0,0,0,0,0,0,1,0,0,0,0
6,17,0,1,0,1,60,,,,,,,1,46,89,1,blake_01,306,40,1,0,60,0,0,,0,0,0,0,0,0,0,,0,0,0,0,0,0,1,0,0,0,0
6,18,0,1,0,1,60,,,,,,,1,29,60,1,blake_04,18,40,1,0,60,0,0,,0,0,0,0,0,0,0,,0,0,0,0,0,0,1,0,0,0,0
6,19,0,1,0,1,60,,,,,,,1,69,68,1,blake_04,216,40,1,0,60,0,0,,0,0,0,0,0,0,0,,0,0,0,0,0,0,1,0,0,0,0
6,20,0,1,0,1,60,,,,,,,1,12,37,1,blake_01,108,40,1,0,60,0,0,,0,0,0,0,0,0,0,,0,0,0,0,0,0,1,0,0,0,0
6,21,0,1,0,1,60,,,,,,,1,59,4,1,blake_04,36,40,1,0,60,0,0,,0,0,0,0,0,0,0,,0,0,0,0,0,0,1,0,0,0,0
6,22,0,1,0,1,60,,,,,,,1,90,33,1,blake_04,108,40,1,0,60,0,0,,0,0,0,0,0,0,0,,0,0,0,0,0,0,1,0,0,0,0
6,23,0,1,0,1,60,,,,,,,1,15,61,1,blake_07,252,40,1,0,60,0,0,,0,0,0,0,0,0,0,,0,0,0,0,0,0,1,0,0,0,0
6,24,0,1,0,1,60,,,,,,,1,24,69,1,blake_06,18,40,1,0,60,0,0,,0,0,0,0,0,0,0,,0,0,0,0,0,0,1,0,0,0,0
6,25,0,1,0,1,60,,,,,,,1,13,72,1,blake_07,288,40,1,0,60,0,0,,0,0,0,0,0,0,0,,0,0,0,0,0,0,1,0,0,0,0
6,26,0,1,0,1,60,,,,,,,1,19,46,1,blake_07,126,40,1,0,60,0,0,,0,0,0,0,0,0,0,,0,0,0,0,0,0,1,0,0,0,0
6,27,0,1,0,1,60,,,,,,,1,88,88,1,blake_10,54,40,1,0,60,0,0,,0,0,0,0,0,0,0,,0,0,0,0,0,0,1,0,0,0,0
6,28,0,1,0,1,60,,,,,,,1,94,83,1,blake_10,144,40,1,0,60,0,0,,0,0,0,0,0,0,0,,0,0,0,0,0,0,1,0,0,0,0
6,29,0,1,0,1,60,,,,,,,1,63,49,1,blake_01,324,40,1,0,60,0,0,,0,0,0,0,0,0,0,,0,0,0,0,0,0,1,0,0,0,0
6,30,0,1,0,1,60,,,,,,,1,75,83,1,blake_07,126,40,1,0,60,0,0,,0,0,0,0,0,0,0,,0,0,0,0,0,0,1,0,0,0,0
6,31,0,1,0,1,60,,,,,,,1,73,95,1,blake_11,0,40,1,0,60,0,0,,0,0,0,0,0,0,0,,0,0,0,0,0,0,1,0,0,0,0
6,32,0,1,0,1,60,,,,,,,1,29,16,1,blake_04,306,40,1,0,60,0,0,,0,0,0,0,0,0,0,,0,0,0,0,0,0,1,0,0,0,0
6,33,0,1,0,1,60,,,,,,,1,92,74,1,blake_06,180,40,1,0,60,0,0,,0,0,0,0,0,0,0,,0,0,0,0,0,0,1,0,0,0,0
6,34,0,1,0,1,60,,,,,,,1,88,87,1,blake_10,216,40,1,0,60,0,0,,0,0,0,0,0,0,0,,0,0,0,0,0,0,1,0,0,0,0
6,35,0,1,0,1,60,,,,,,,1,78,49,1,blake_12,0,40,1,0,60,0,0,,0,0,0,0,0,0,0,,0,0,0,0,0,0,1,0,0,0,0
6,36,0,1,0,1,60,,,,,,,1,30,17,1,blake_07,234,40,1,0,60,0,0,,0,0,0,0,0,0,0,,0,0,0,0,0,0,1,0,0,0,0
6,37,0,1,0,1,60,,,,,,,1,39,28,1,blake_11,288,40,1,0,60,0,0,,0,0,0,0,0,0,0,,0,0,0,0,0,0,1,0,0,0,0
6,38,0,1,0,1,60,,,,,,,1,2,57,1,blake_06,144,40,1,0,60,0,0,,0,0,0,0,0,0,0,,0,0,0,0,0,0,1,0,0,0,0
6,39,0,1,0,1,60,,,,,,,1,51,43,1,blake_01,252,40,1,0,60,0,0,,0,0,0,0,0,0,0,,0,0,0,0,0,0,1,0,0,0,0
6,40,0,1,0,1,60,,,,,,,1,28,92,1,blake_12,324,40,1,0,60,0,0,,0,0,0,0,0,0,0,,0,0,0,0,0,0,1,0,0,0,0
6,41,0,1,0,1,60,,,,,,,1,66,35,1,blake_08,162,40,1,0,60,0,0,,0,0,0,0,0,0,0,,0,0,0,0,0,0,1,0,0,0,0
6,42,0,1,0,1,60,,,,,,,1,60,89,1,blake_12,0,40,1,0,60,0,0,,0,0,0,0,0,0,0,,0,0,0,0,0,0,1,0,0,0,0
6,43,0,1,0,1,60,,,,,,,1,62,65,1,blake_11,162,40,1,0,60,0,0,,0,0,0,0,0,0,0,,0,0,0,0,0,0,1,0,0,0,0
6,44,0,1,0,1,60,,,,,,,1,94,99,1,blake_10,252,40,1,0,60,0,0,,0,0,0,0,0,0,0,,0,0,0,0,0,0,1,0,0,0,0
6,45,0,1,0,1,60,,,,,,,1,80,11,1,blake_01,108,40,1,0,60,0,0,,0,0,0,0,0,0,0,,0,0,0,0,0,0,1,0,0,0,0
6,46,0,1,0,1,60,,,,,,,1,26,30,1,blake_04,180,40,1,0,60,0,0,,0,0,0,0,0,0,0,,0,0,0,0,0,0,1,0,0,0,0
6,47,0,1,0,1,60,,,,,,,1,72,66,1,blake_08,180,40,1,0,60,0,0,,0,0,0,0,0,0,0,,0,0,0,0,0,0,1,0,0,0,0
6,48,0,1,0,1,60,,,,,,,1,58,81,1,blake_11,162,40,1,0,60,0,0,,0,0,0,0,0,0,0,,0,0,0,0,0,0,1,0,0,0,0
6,49,0,1,0,1,60,,,,,,,1,86,31,1,blake_10,54,40,1,0,60,0,0,,0,0,0,0,0,0,0,,0,0,0,0,0,0,1,0,0,0,0
6,50,0,1,0,1,60,,,,,,,1,16,86,1,blake_07,108,40,1,0,60,0,0,,0,0,0,0,0,0,0,,0,0,0,0,0,0,1,0,0,0,0
6,51,0,1,0,1,60,,,,,,,1,44,50,1,blake_08,162,40,1,0,60,0,0,,0,0,0,0,0,0,0,,0,0,0,0,0,0,1,0,0,0,0
6,52,0,1,0,1,60,,,,,,,1,78,92,1,blake_10,180,40,1,0,60,0,0,,0,0,0,0,0,0,0,,0,0,0,0,0,0,1,0,0,0,0
6,53,0,1,0,1,60,,,,,,,1,98,46,1,blake_07,144,40,1,0,60,0,0,,0,0,0,0,0,0,0,,0,0,0,0,0,0,1,0,0,0,0
6,54,0,1,0,1,60,,,,,,,1,84,82,1,blake_01,36,40,1,0,60,0,0,,0,0,0,0,0,0,0,,0,0,0,0,0,0,1,0,0,0,0
6,55,0,1,0,1,60,,,,,,,1,64,71,1,blake_01,18,40,1,0,60,0,0,,0,0,0,0,0,0,0,,0,0,0,0,0,0,1,0,0,0,0
6,56,0,1,0,1,60,,,,,,,1,44,26,1,blake_12,306,40,1,0,60,0,0,,0,0,0,0,0,0,0,,0,0,0,0,0,0,1,0,0,0,0
6,57,0,1,0,1,60,,,,,,,1,48,78,1,blake_08,342,40,1,0,60,0,0,,0,0,0,0,0,0,0,,0,0,0,0,0,0,1,0,0,0,0
6,58,0,1,0,1,60,,,,,,,1,100,5,1,blake_01,306,40,1,0,60,0,0,,0,0,0,0,0,0,0,,0,0,0,0,0,0,1,0,0,0,0
6,59,0,1,0,1,60,,,,,,,1,1,33,1,blake_06,126,40,1,0,60,0,0,,0,0,0,0,0,0,0,,0,0,0,0,0,0,1,0,0,0,0
6,60,0,1,0,1,60,,,,,,,1,82,10,1,blake_12,252,40,1,0,60,0,0,,0,0,0,0,0,0,0,,0,0,0,0,0,0,1,0,0,0,0
6,61,0,1,0,1,60,,,,,,,1,79,8,1,blake_07,306,40,1,0,60,0,0,,0,0,0,0,0,0,0,,0,0,0,0,0,0,1,0,0,0,0
6,62,0,1,0,1,60,,,,,,,1,77,7,1,blake_10,162,40,1,0,60,0,0,,0,0,0,0,0,0,0,,0,0,0,0,0,0,1,0,0,0,0
6,63,0,1,0,1,60,,,,,,,1,58,57,1,blake_12,180,40,1,0,60,0,0,,0,0,0,0,0,0,0,,0,0,0,0,0,0,1,0,0,0,0
6,64,0,1,0,1,60,,,,,,,1,18,72,1,blake_08,234,40,1,0,60,0,0,,0,0,0,0,0,0,0,,0,0,0,0,0,0,1,0,0,0,0
7,1,0,1,0,1,60,,,,,,,1,5,56,1,blake_11,306,40,1,0,60,0,0,,0,0,0,0,0,0,0,,0,0,0,0,0,0,1,0,0,0,0
7,2,0,1,0,1,60,,,,,,,1,48,24,1,blake_06,162,40,1,0,60,0,0,,0,0,0,0,0,0,0,,0,0,0,0,0,0,1,0,0,0,0
7,3,0,1,0,1,60,,,,,,,1,7,19,1,blake_11,144,40,1,0,60,0,0,,0,0,0,0,0,0,0,,0,0,0,0,0,0,1,0,0,0,0
7,4,0,1,0,1,60,,,,,,,1,82,15,1,blake_07,216,40,1,0,60,0,0,,0,0,0,0,0,0,0,,0,0,0,0,0,0,1,0,0,0,0
7,5,0,1,0,1,60,,,,,,,1,71,38,1,blake_07,252,40,1,0,60,0,0,,0,0,0,0,0,0,0,,0,0,0,0,0,0,1,0,0,0,0
7,6,0,1,0,1,60,,,,,,,1,34,25,1,blake_08,216,40,1,0,60,0,0,,0,0,0,0,0,0,0,,0,0,0,0,0,0,1,0,0,0,0
7,7,0,1,0,1,60,,,,,,,1,10,30,1,blake_01,270,40,1,0,60,0,0,,0,0,0,0,0,0,0,,0,0,0,0,0,0,1,0,0,0,0
7,8,0,1,0,1,60,,,,,,,1,71,95,1,blake_07,270,40,1,0,60,0,0,,0,0,0,0,0,0,0,,0,0,0,0,0,0,1,0,0,0,0
7,9,0,1,0,1,60,,,,,,,1,91,15,1,blake_07,180,40,1,0,60,0,0,,0,0,0,0,0,0,0,,0,0,0,0,0,0,1,0,0,0,0
7,10,0,1,0,1,60,,,,,,,1,69,61,1,blake_10,162,40,1,0,60,0,0,,0,0,0,0,0,0,0,,0,0,0,0,0,0,1,0,0,0,0
7,11,0,1,0,1,60,,,,,,,1,36,79,1,blake_08,180,40,1,0,60,0,0,,0,0,0,0,0,0,0,,0,0,0,0,0,0,1,0,0,0,0
7,12,0,1,0,1,60,,,,,,,1,29,74,1,blake_04,126,40,1,0,60,0,0,,0,0,0,0,0,0,0,,0,0,0,0,0,0,1,0,0,0,0
7,13,0,1,0,1,60,,,,,,,1,98,16,1,blake_11,288,40,1,0,60,0,0,,0,0,0,0,0,0,0,,0,0,0,0,0,0,1,0,0,0,0
7,14,0,1,0,1,60,,,,,,,1,6,35,1,blake_04,108,40,1,0,60,0,0,,0,0,0,0,0,0,0,,0,0,0,0,0,0,1,0,0,0,0
7,15,0,1,0,1,60,,,,,,,1,69,73,1,blake_04,72,40,1,0,60,0,0,,0,0,0,0,0,0,0,,0,0,0,0,0,0,1,0,0,0,0
7,16,0,1,0,1,60,,,,,,,1,6,16,1,blake_07,198,40,1,0,60,0,0,,0,0,0,0,0,0,0,,0,0,0,0,0,0,1,0,0,0,0
7,17,0,1,0,1,60,,,,,,,1,36,73,1,blake_11,306,40,1,0,60,0,0,,0,0,0,0,0,0,0,,0,0,0,0,0,0,1,0,0,0,0
7,18,0,1,0,1,60,,,,,,,1,96,21,1,blake_07,72,40,1,0,60,0,0,,0,0,0,0,0,0,0,,0,0,0,0,0,0,1,0,0,0,0
7,19,0,1,0,1,60,,,,,,,1,32,12,1,blake_10,162,40,1,0,60,0,0,,0,0,0,0,0,0,0,,0,0,0,0,0,0,1,0,0,0,0
7,20,0,1,0,1,60,,,,,,,1,96,22,1,blake_07,288,40,1,0,60,0,0,,0,0,0,0,0,0,0,,0,0,0,0,0,0,1,0,0,0,0
7,21,0,1,0,1,60,,,,,,,1,35,79,1,blake_04,216,40,1,0,60,0,0,,0,0,0,0,0,0,0,,0,0,0,0,0,0,1,0,0,0,0
7,22,0,1,0,1,60,,,,,,,1,17,38,1,blake_08,108,40,1,0,60,0,0,,0,0,0,0,0,0,0,,0,0,0,0,0,0,1,0,0,0,0
7,23,0,1,0,1,60,,,,,,,1,11,84,1,blake_10,288,40,1,0,60,0,0,,0,0,0,0,0,0,0,,0,0,0,0,0,0,1,0,0,0,0
7,24,0,1,0,1,60,,,,,,,1,94,28,1,blake_01,54,40,1,0,60,0,0,,0,0,0,0,0,0,0,,0,0,0,0,0,0,1,0,0,0,0
7,25,0,1,0,1,60,,,,,,,1,13,81,1,blake_11,144,40,1,0,60,0,0,,0,0,0,0,0,0,0,,0,0,0,0,0,0,1,0,0,0,0
7,26,0,1,0,1,60,,,,,,,1,9,21,1,blake_04,288,40,1,0,60,0,0,,0,0,0,0,0,0,0,,0,0,0,0,0,0,1,0,0,0,0
7,27,0,1,0,1,60,,,,,,,1,39,6,1,blake_01,162,40,1,0,60,0,0,,0,0,0,0,0,0,0,,0,0,0,0,0,0,1,0,0,0,0
7,28,0,1,0,1,60,,,,,,,1,92,28,1,blake_11,72,40,1,0,60,0,0,,0,0,0,0,0,0,0,,0,0,0,0,0,0,1,0,0,0,0
7,29,0,1,0,1,60,,,,,,,1,17,66,1,blake_04,306,40,1,0,60,0,0,,0,0,0,0,0,0,0,,0,0,0,0,0,0,1,0,0,0,0
7,30,0,1,0,1,60,,,,,,,1,17,91,1,blake_11,216,40,1,0,60,0,0,,0,0,0,0,0,0,0,,0,0,0,0,0,0,1,0,0,0,0
7,31,0,1,0,1,60,,,,,,,1,6,33,1,blake_01,90,40,1,0,60,0,0,,0,0,0,0,0,0,0,,0,0,0,0,0,0,1,0,0,0,0
7,32,0,1,0,1,60,,,,,,,1,1,39,1,blake_11,144,40,1,0,60,0,0,,0,0,0,0,0,0,0,,0,0,0,0,0,0,1,0,0,0,0
7,33,0,1,0,1,60,,,,,,,1,84,94,1,blake_01,180,40,1,0,60,0,0,,0,0,0,0,0,0,0,,0,0,0,0,0,0,1,0,0,0,0
7,34,0,1,0,1,60,,,,,,,1,81,72,1,blake_06,306,40,1,0,60,0,0,,0,0,0,0,0,0,0,,0,0,0,0,0,0,1,0,0,0,0
7,35,0,1,0,1,60,,,,,,,1,32,79,1,blake_06,216,40,1,0,60,0,0,,0,0,0,0,0,0,0,,0,0,0,0,0,0,1,0,0,0,0
7,36,0,1,0,1,60,,,,,,,1,74,11,1,blake_07,180,40,1,0,60,0,0,,0,0,0,0,0,0,0,,0,0,0,0,0,0,1,0,0,0,0
7,37,0,1,0,1,60,,,,,,,1,49,64,1,blake_06,252,40,1,0,60,0,0,,0,0,0,0,0,0,0,,0,0,0,0,0,0,1,0,0,0,0
7,38,0,1,0,1,60,,,,,,,1,54,76,1,blake_12,216,40,1,0,60,0,0,,0,0,0,0,0,0,0,,0,0,0,0,0,0,1,0,0,0,0
7,39,0,1,0,1,60,,,,,,,1,15,27,1,blake_10,234,40,1,0,60,0,0,,0,0,0,0,0,0,0,,0,0,0,0,0,0,1,0,0,0,0
7,40,0,1,0,1,60,,,,,,,1,71,86,1,blake_08,108,40,1,0,60,0,0,,0,0,0,0,0,0,0,,0,0,0,0,0,0,1,0,0,0,0
7,41,0,1,0,1,60,,,,,,,1,6,12,1,blake_12,0,40,1,0,60,0,0,,0,0,0,0,0,0,0,,0,0,0,0,0,0,1,0,0,0,0
7,42,0,1,0,1,60,,,,,,,1,65,94,1,blake_11,0,40,1,0,60,0,0,,0,0,0,0,0,0,0,,0,0,0,0,0,0,1,0,0,0,0
7,43,0,1,0,1,60,,,,,,,1,85,95,1,blake_11,126,40,1,0,60,0,0,,0,0,0,0,0,0,0,,0,0,0,0,0,0,1,0,0,0,0
7,44,0,1,0,1,60,,,,,,,1,70,0,1,blake_10,306,40,1,0,60,0,0,,0,0,0,0,0,0,0,,0,0,0,0,0,0,1,0,0,0,0
7,45,0,1,0,1,60,,,,,,,1,86,53,1,blake_11,0,40,1,0,60,0,0,,0,0,0,0,0,0,0,,0,0,0,0,0,0,1,0,0,0,0
7,46,0,1,0,1,60,,,,,,,1,4,36,1,blake_04,126,40,1,0,60,0,0,,0,0,0,0,0,0,0,,0,0,0,0,0,0,1,0,0,0,0
7,47,0,1,0,1,60,,,,,,,1,86,59,1,blake_11,306,40,1,0,60,0,0,,0,0,0,0,0,0,0,,0,0,0,0,0,0,1,0,0,0,0
7,48,0,1,0,1,60,,,,,,,1,31,14,1,blake_08,90,40,1,0,60,0,0,,0,0,0,0,0,0,0,,0,0,0,0,0,0,1,0,0,0,0
7,49,0,1,0,1,60,,,,,,,1,47,97,1,blake_10,180,40,1,0,60,0,0,,0,0,0,0,0,0,0,,0,0,0,0,0,0,1,0,0,0,0
7,50,0,1,0,1,60,,,,,,,1,28,95,1,blake_11,270,40,1,0,60,0,0,,0,0,0,0,0,0,0,,0,0,0,0,0,0,1,0,0,0,0
7,51,0,1,0,1,60,,,,,,,1,58,21,1,blake_07,180,40,1,0,60,0,0,,0,0,0,0,0,0,0,,0,0,0,0,0,0,1,0,0,0,0
7,52,0,1,0,1,60,,,,,,,1,32,89,1,blake_12,198,40,1,0,60,0,0,,0,0,0,0,0,0,0,,0,0,0,0,0,0,1,0,0,0,0
7,53,0,1,0,1,60,,,,,,,1,67,7,1,blake_01,216,40,1,0,60,0,0,,0,0,0,0,0,0,0,,0,0,0,0,0,0,1,0,0,0,0
7,54,0,1,0,1,60,,,,,,,1,84,42,1,blake_10,90,40,1,0,60,0,0,,0,0,0,0,0,0,0,,0,0,0,0,0,0,1,0,0,0,0
7,55,0,1,0,1,60,,,,,,,1,31,97,1,blake_08,162,40,1,0,60,0,0,,0,0,0,0,0,0,0,,0,0,0,0,0,0,1,0,0,0,0
7,56,0,1,0,1,60,,,,,,,1,24,61,1,blake_06,0,40,1,0,60,0,0,,0,0,0,0,0,0,0,,0,0,0,0,0,0,1,0,0,0,0
7,57,0,1,0,1,60,,,,,,,1,16,96,1,blake_08,342,40,1,0,60,0,0,,0,0,0,0,0,0,0,,0,0,0,0,0,0,1,0,0,0,0
7,58,0,1,0,1,60,,,,,,,1,82,25,1,blake_01,324,40,1,0,60,0,0,,0,0,0,0,0,0,0,,0,0,0,0,0,0,1,0,0,0,0
7,59,0,1,0,1,60,,,,,,,1,14,11,1,blake_01,216,40,1,0,60,0,0,,0,0,0,0,0,0,0,,0,0,0,0,0,0,1,0,0,0,0
7,60,0,1,0,1,60,,,,,,,1,78,79,1,blake_10,162,40,1,0,60,0,0,,0,0,0,0,0,0,0,,0,0,0,0,0,0,1,0,0,0,0
7,61,0,1,0,1,60,,,,,,,1,46,69,1,blake_12,36,40,1,0,60,0,0,,0,0,0,0,0,0,0,,0,0,0,0,0,0,1,0,0,0,0
7,62,0,1,0,1,60,,,,,,,1,24,21,1,blake_01,90,40,1,0,60,0,0,,0,0,0,0,0,0,0,,0,0,0,0,0,0,1,0,0,0,0
7,63,0,1,0,1,60,,,,,,,1,52,59,1,blake_10,324,40,1,0,60,0,0,,0,0,0,0,0,0,0,,0,0,0,0,0,0,1,0,0,0,0
7,64,0,1,0,1,60,,,,,,,1,35,99,1,blake_11,0,40,1,0,60,0,0,,0,0,0,0,0,0,0,,0,0,0,0,0,0,1,0,0,0,0
8,1,0,1,0,1,60,,,,,,,1,45,20,1,blake_04,324,40,1,0,60,0,0,,0,0,0,0,0,0,0,,0,0,0,0,0,0,1,0,0,0,0
8,2,0,1,0,1,60,,,,,,,1,48,24,1,blake_04,108,40,1,0,60,0,0,,0,0,0,0,0,0,0,,0,0,0,0,0,0,1,0,0,0,0
8,3,0,1,0,1,60,,,,,,,1,10,90,1,blake_07,36,40,1,0,60,0,0,,0,0,0,0,0,0,0,,0,0,0,0,0,0,1,0,0,0,0
8,4,0,1,0,1,60,,,,,,,1,88,10,1,blake_06,216,40,1,0,60,0,0,,0,0,0,0,0,0,0,,0,0,0,0,0,0,1,0,0,0,0
8,5,0,1,0,1,60,,,,,,,1,5,18,1,blake_01,72,40,1,0,60,0,0,,0,0,0,0,0,0,0,,0,0,0,0,0,0,1,0,0,0,0
8,6,0,1,0,1,60,,,,,,,1,25,71,1,blake_01,216,40,1,0,60,0,0,,0,0,0,0,0,0,0,,0,0,0,0,0,0,1,0,0,0,0
8,7,0,1,0,1,60,,,,,,,1,58,84,1,blake_12,126,40,1,0,60,0,0,,0,0,0,0,0,0,0,,0,0,0,0,0,0,1,0,0,0,0
8,8,0,1,0,1,60,,,,,,,1,63,21,1,blake_06,126,40,1,0,60,0,0,,0,0,0,0,0,0,0,,0,0,0,0,0,0,1,0,0,0,0
8,9,0,1,0,1,60,,,,,,,1,76,34,1,blake_11,198,40,1,0,60,0,0,,0,0,0,0,0,0,0,,0,0,0,0,0,0,1,0,0,0,0
8,10,0,1,0,1,60,,,,,,,1,38,38,1,blake_07,54,40,1,0,60,0,0,,0,0,0,0,0,0,0,,0,0,0,0,0,0,1,0,0,0,0
8,11,0,1,0,1,60,,,,,,,1,39,47,1,blake_04,144,40,1,0,60,0,0,,0,0,0,0,0,0,0,,0,0,0,0,0,0,1,0,0,0,0
8,12,0,1,0,1,60,,,,,,,1,47,94,1,blake_04,252,40,1,0,60,0,0,,0,0,0,0,0,0,0,,0,0,0,0,0,0,1,0,0,0,0
8,13,0,1,0,1,60,,,,,,,1,47,68,1,blake_10,72,40,1,0,60,0,0,,0,0,0,0,0,0,0,,0,0,0,0,0,0,1,0,0,0,0
8,14,0,1,0,1,60,,,,,,,1,53,20,1,blake_08,234,40,1,0,60,0,0,,0,0,0,0,0,0,0,,0,0,0,0,0,0,1,0,0,0,0
8,15,0,1,0,1,60,,,,,,,1,22,62,1,blake_06,144,40,1,0,60,0,0,,0,0,0,0,0,0,0,,0,0,0,0,0,0,1,0,0,0,0
8,16,0,1,0,1,60,,,,,,,1,25,11,1,blake_08,324,40,1,0,60,0,0,,0,0,0,0,0,0,0,,0,0,0,0,0,0,1,0,0,0,0
8,17,0,1,0,1,60,,,,,,,1,95,5,1,blake_12,18,40,1,0,60,0,0,,0,0,0,0,0,0,0,,0,0,0,0,0,0,1,0,0,0,0
8,18,0,1,0,1,60,,,,,,,1,41,52,1,blake_04,288,40,1,0,60,0,0,,0,0,0,0,0,0,0,,0,0,0,0,0,0,1,0,0,0,0
8,19,0,1,0,1,60,,,,,,,1,40,14,1,blake_01,270,40,1,0,60,0,0,,0,0,0,0,0,0,0,,0,0,0,0,0,0,1,0,0,0,0
8,20,0,1,0,1,60,,,,,,,1,73,4,1,blake_10,72,40,1,0,60,0,0,,0,0,0,0,0,0,0,,0,0,0,0,0,0,1,0,0,0,0
8,21,0,1,0,1,60,,,,,,,1,100,38,1,blake_08,162,40,1,0,60,0,0,,0,0,0,0,0,0,0,,0,0,0,0,0,0,1,0,0,0,0
8,22,0,1,0,1,60,,,,,,,1,21,82,1,blake_06,36,40,1,0,60,0,0,,0,0,0,0,0,0,0,,0,0,0,0,0,0,1,0,0,0,0
8,23,0,1,0,1,60,,,,,,,1,66,52,1,blake_11,144,40,1,0,60,0,0,,0,0,0,0,0,0,0,,0,0,0,0,0,0,1,0,0,0,0
8,24,0,1,0,1,60,,,,,,,1,65,67,1,blake_07,306,40,1,0,60,0,0,,0,0,0,0,0,0,0,,0,0,0,0,0,0,1,0,0,0,0
8,25,0,1,0,1,60,,,,,,,1,33,33,1,blake_07,180,40,1,0,60,0,0,,0,0,0,0,0,0,0,,0,0,0,0,0,0,1,0,0,0,0
8,26,0,1,0,1,60,,,,,,,1,97,4,1,blake_06,252,40,1,0,60,0,0,,0,0,0,0,0,0,0,,0,0,0,0,0,0,1,0,0,0,0
8,27,0,1,0,1,60,,,,,,,1,67,42,1,blake_06,126,40,1,0,60,0,0,,0,0,0,0,0,0,0,,0,0,0,0,0,0,1,0,0,0,0
8,28,0,1,0,1,60,,,,,,,1,41,63,1,blake_07,234,40,1,0,60,0,0,,0,0,0,0,0,0,0,,0,0,0,0,0,0,1,0,0,0,0
8,29,0,1,0,1,60,,,,,,,1,51,63,1,blake_10,234,40,1,0,60,0,0,,0,0,0,0,0,0,0,,0,0,0,0,0,0,1,0,0,0,0
8,30,0,1,0,1,60,,,,,,,1,5,15,1,blake_10,270,40,1,0,60,0,0,,0,0,0,0,0,0,0,,0,0,0,0,0,0,1,0,0,0,0
8,31,0,1,0,1,60,,,,,,,1,38,84,1,blake_08,324,40,1,0,60,0,0,,0,0,0,0,0,0,0,,0,0,0,0,0,0,1,0,0,0,0
8,32,0,1,0,1,60,,,,,,,1,3,23,1,blake_01,108,40,1,0,60,0,0,,0,0,0,0,0,0,0,,0,0,0,0,0,0,1,0,0,0,0
8,33,0,1,0,1,60,,,,,,,1,9,81,1,blake_04,54,40,1,0,60,0,0,,0,0,0,0,0,0,0,,0,0,0,0,0,0,1,0,0,0,0
8,34,0,1,0,1,60,,,,,,,1,66,46,1,blake_12,54,40,1,0,60,0,0,,0,0,0,0,0,0,0,,0,0,0,0,0,0,1,0,0,0,0
8,35,0,1,0,1,60,,,,,,,1,63,78,1,blake_11,180,40,1,0,60,0,0,,0,0,0,0,0,0,0,,0,0,0,0,0,0,1,0,0,0,0
8,36,0,1,0,1,60,,,,,,,1,48,89,1,blake_06,288,40,1,0,60,0,0,,0,0,0,0,0,0,0,,0,0,0,0,0,0,1,0,0,0,0
8,37,0,1,0,1,60,,,,,,,1,66,33,1,blake_12,90,40,1,0,60,0,0,,0,0,0,0,0,0,0,,0,0,0,0,0,0,1,0,0,0,0
8,38,0,1,0,1,60,,,,,,,1,57,71,1,blake_04,72,40,1,0,60,0,0,,0,0,0,0,0,0,0,,0,0,0,0,0,0,1,0,0,0,0
8,39,0,1,0,1,60,,,,,,,1,40,71,1,blake_06,180,40,1,0,60,0,0,,0,0,0,0,0,0,0,,0,0,0,0,0,0,1,0,0,0,0
8,40,0,1,0,1,60,,,,,,,1,89,88,1,blake_12,36,40,1,0,60,0,0,,0,0,0,0,0,0,0,,0,0,0,0,0,0,1,0,0,0,0
8,41,0,1,0,1,60,,,,,,,1,14,54,1,blake_07,18,40,1,0,60,0,0,,0,0,0,0,0,0,0,,0,0,0,0,0,0,1,0,0,0,0
8,42,0,1,0,1,60,,,,,,,1,59,25,1,blake_01,126,40,1,0,60,0,0,,0,0,0,0,0,0,0,,0,0,0,0,0,0,1,0,0,0,0
8,43,0,1,0,1,60,,,,,,,1,3,84,1,blake_11,54,40,1,0,60,0,0,,0,0,0,0,0,0,0,,0,0,0,0,0,0,1,0,0,0,0
8,44,0,1,0,1,60,,,,,,,1,61,41,1,blake_04,144,40,1,0,60,0,0,,0,0,0,0,0,0,0,,0,0,0,0,0,0,1,0,0,0,0
8,45,0,1,0,1,60,,,,,,,1,73,98,1,blake_04,198,40,1,0,60,0,0,,0,0,0,0,0,0,0,,0,0,0,0,0,0,1,0,0,0,0
8,46,0,1,0,1,60,,,,,,,1,7,67,1,blake_08,342,40,1,0,60,0,0,,0,0,0,0,0,0,0,,0,0,0,0,0,0,1,0,0,0,0
8,47,0,1,0,1,60,,,,,,,1,65,83,1,blake_08,288,40,1,0,60,0,0,,0,0,0,0,0,0,0,,0,0,0,0,0,0,1,0,0,0,0
8,48,0,1,0,1,60,,,,,,,1,21,14,1,blake_06,288,40,1,0,60,0,0,,0,0,0,0,0,0,0,,0,0,0,0,0,0,1,0,0,0,0
8,49,0,1,0,1,60,,,,,,,1,35,50,1,blake_07,324,40,1,0,60,0,0,,0,0,0,0,0,0,0,,0,0,0,0,0,0,1,0,0,0,0
8,50,0,1,0,1,60,,,,,,,1,29,84,1,blake_10,72,40,1,0,60,0,0,,0,0,0,0,0,0,0,,0,0,0,0,0,0,1,0,0,0,0
8,51,0,1,0,1,60,,,,,,,1,85,25,1,blake_07,342,40,1,0,60,0,0,,0,0,0,0,0,0,0,,0,0,0,0,0,0,1,0,0,0,0
8,52,0,1,0,1,60,,,,,,,1,11,20,1,blake_10,342,40,1,0,60,0,0,,0,0,0,0,0,0,0,,0,0,0,0,0,0,1,0,0,0,0
8,53,0,1,0,1,60,,,,,,,1,43,75,1,blake_01,306,40,1,0,60,0,0,,0,0,0,0,0,0,0,,0,0,0,0,0,0,1,0,0,0,0
8,54,0,1,0,1,60,,,,,,,1,27,49,1,blake_08,324,40,1,0,60,0,0,,0,0,0,0,0,0,0,,0,0,0,0,0,0,1,0,0,0,0
8,55,0,1,0,1,60,,,,,,,1,82,33,1,blake_08,108,40,1,0,60,0,0,,0,0,0,0,0,0,0,,0,0,0,0,0,0,1,0,0,0,0
8,56,0,1,0,1,60,,,,,,,1,18,51,1,blake_11,126,40,1,0,60,0,0,,0,0,0,0,0,0,0,,0,0,0,0,0,0,1,0,0,0,0
8,57,0,1,0,1,60,,,,,,,1,70,71,1,blake_07,72,40,1,0,60,0,0,,0,0,0,0,0,0,0,,0,0,0,0,0,0,1,0,0,0,0
8,58,0,1,0,1,60,,,,,,,1,55,90,1,blake_06,306,40,1,0,60,0,0,,0,0,0,0,0,0,0,,0,0,0,0,0,0,1,0,0,0,0
8,59,0,1,0,1,60,,,,,,,1,23,31,1,blake_11,252,40,1,0,60,0,0,,0,0,0,0,0,0,0,,0,0,0,0,0,0,1,0,0,0,0
8,60,0,1,0,1,60,,,,,,,1,60,96,1,blake_06,342,40,1,0,60,0,0,,0,0,0,0,0,0,0,,0,0,0,0,0,0,1,0,0,0,0
8,61,0,1,0,1,60,,,,,,,1,8,40,1,blake_07,342,40,1,0,60,0,0,,0,0,0,0,0,0,0,,0,0,0,0,0,0,1,0,0,0,0
8,62,0,1,0,1,60,,,,,,,1,1,99,1,blake_08,342,40,1,0,60,0,0,,0,0,0,0,0,0,0,,0,0,0,0,0,0,1,0,0,0,0
8,63,0,1,0,1,60,,,,,,,1,71,62,1,blake_11,288,40,1,0,60,0,0,,0,0,0,0,0,0,0,,0,0,0,0,0,0,1,0,0,0,0
8,64,0,1,0,1,60,,,,,,,1,94,11,1,blake_06,162,40,1,0,60,0,0,,0,0,0,0,0,0,0,,0,0,0,0,0,0,1,0,0,0,0
