1,1,0,1,0,1,60,,,,,,,1,42,20,1,blake_08,0,40,1,0,60,0,0,,0,0,0,0,0,0,0,,0,0,0,0,0,0,1,0,0,0,0
1,2,0,1,0,1,60,,,,,,,1,50,72,1,blake_11,144,40,1,0,60,0,0,,0,0,0,0,0,0,0,,0,0,0,0,0,0,1,0,0,0,0
1,3,0,1,0,1,60,,,,,,,1,85,52,1,blake_10,162,40,1,0,60,0,0,,0,0,0,0,0,0,0,,0,0,0,0,0,0,1,0,0,0,0
1,4,0,1,0,1,60,,,,,,,1,34,79,1,blake_06,108,40,1,0,60,0,0,,0,0,0,0,0,0,0,,0,0,0,0,0,0,1,0,0,0,0
1,5,0,1,0,1,60,,,,,,,1,30,70,1,blake_08,342,40,1,0,60,0,0,,0,0,0,0,0,0,0,,0,0,0,0,0,0,1,0,0,0,0
1,6,0,1,0,1,60,,,,,,,1,27,95,1,blake_10,90,40,1,0,60,0,0,,0,0,0,0,0,0,0,,0,0,0,0,0,0,1,0,0,0,0
1,7,0,1,0,1,60,,,,,,,1,78,16,1,blake_06,144,40,1,0,60,0,0,,0,0,0,0,0,0,0,,0,0,0,0,0,0,1,0,0,0,0
1,8,0,1,0,1,60,,,,,,,1,51,46,1,blake_08,180,40,1,0,60,0,0,,0,0,0,0,0,0,0,,0,0,0,0,0,0,1,0,0,0,0
1,9,0,1,0,1,60,,,,,,,1,74,24,1,blake_07,18,40,1,0,60,0,0,,0,0,0,0,0,0,0,,0,0,0,0,0,0,1,0,0,0,0
1,10,0,1,0,1,60,,,,,,,1,53,99,1,blake_08,306,40,1,0,60,0,0,,0,0,0,0,0,0,0,,0,0,0,0,0,0,1,0,0,0,0
1,11,0,1,0,1,60,,,,,,,1,59,2,1,blake_12,288,40,1,0,60,0,0,,0,0,0,0,0,0,0,,0,0,0,0,0,0,1,0,0,0,0
1,12,0,1,0,1,60,,,,,,,1,1,77,1,blake_04,234,40,1,0,60,0,0,,0,0,0,0,0,0,0,,0,0,0,0,0,0,1,0,0,0,0
1,13,0,1,0,1,60,,,,,,,1,28,1,1,blake_01,252,40,1,0,60,0,0,,0,0,0,0,0,0,0,,0,0,0,0,0,0,1,0,0,0,0
1,14,0,1,0,1,60,,,,,,,1,23,40,1,blake_11,90,40,1,0,60,0,0,,0,0,0,0,0,0,0,,0,0,0,0,0,0,1,0,0,0,0
1,15,0,1,0,1,60,,,,,,,1,53,41,1,blake_07,126,40,1,0,60,0,0,,0,0,0,0,0,0,0,,0,0,0,0,0,0,1,0,0,0,0
1,16,0,1,0,1,60,,,,,,,1,5,4,1,blake_10,144,40,1,0,60,0,0,,0,0,0,0,0,0,0,,0,0,0,0,0,0,1,0,0,0,0
1,17,0,1,0,1,60,,,,,,,1,92,25,1,blake_07,324,40,1,0,60,0,0,,0,0,0,0,0,0,0,,0,0,0,0,0,0,1,0,0,0,0
1,18,0,1,0,1,60,,,,,,,1,64,56,1,blake_06,144,40,1,0,60,0,0,,0,0,0,0,0,0,0,,0,0,0,0,0,0,1,0,0,0,0
1,19,0,1,0,1,60,,,,,,,1,69,9,1,blake_01,36,40,1,0,60,0,0,,0,0,0,0,0,0,0,,0,0,0,0,0,0,1,0,0,0,0
1,20,0,1,0,1,60,,,,,,,1,4,73,1,blake_07,270,40,1,0,60,0,0,,0,0,0,0,0,0,0,,0,0,0,0,0,0,1,0,0,0,0
1,21,0,1,0,1,60,,,,,,,1,69,91,1,blake_10,108,40,1,0,60,0,0,,0,0,0,0,0,0,0,,0,0,0,0,0,0,1,0,0,0,0
1,22,0,1,0,1,60,,,,,,,1,79,49,1,blake_11,54,40,1,0,60,0,0,,0,0,0,0,0,0,0,,0,0,0,0,0,0,1,0,0,0,0
1,23,0,1,0,1,60,,,,,,,1,4,86,1,blake_08,342,40,1,0,60,0,0,,0,0,0,0,0,0,0,,0,0,0,0,0,0,1,0,0,0,0
1,24,0,1,0,1,60,,,,,,,1,51,75,1,blake_11,342,40,1,0,60,0,0,,0,0,0,0,0,0,0,,0,0,0,0,0,0,1,0,0,0,0
1,25,0,1,0,1,60,,,,,,,1,20,9,1,blake_10,144,40,1,0,60,0,0,,0,0,0,0,0,0,0,,0,0,0,0,0,0,1,0,0,0,0
1,26,0,1,0,1,60,,,,,,,1,70,86,1,blake_10,72,40,1,0,60,0,0,,0,0,0,0,0,0,0,,0,0,0,0,0,0,1,0,0,0,0
1,27,0,1,0,1,60,,,,,,,1,85,54,1,blake_12,288,40,1,0,60,0,0,,0,0,0,0,0,0,0,,0,0,0,0,0,0,1,0,0,0,0
1,28,0,1,0,1,60,,,,,,,1,47,31,1,blake_07,324,40,1,0,60,0,0,,0,0,0,0,0,0,0,,0,0,0,0,0,0,1,0,0,0,0
1,29,0,1,0,1,60,,,,,,,1,89,49,1,blake_07,36,40,1,0,60,0,0,,0,0,0,0,0,0,0,,0,0,0,0,0,0,1,0,0,0,0
1,30,0,1,0,1,60,,,,,,,1,15,22,1,blake_04,180,40,1,0,60,0,0,,0,0,0,0,0,0,0,,0,0,0,0,0,0,1,0,0,0,0
1,31,0,1,0,1,60,,,,,,,1,95,54,1,blake_08,252,40,1,0,60,0,0,,0,0,0,0,0,0,0,,0,0,0,0,0,0,1,0,0,0,0
1,32,0,1,0,1,60,,,,,,,1,39,65,1,blake_10,180,40,1,0,60,0,0,,0,0,0,0,0,0,0,,0,0,0,0,0,0,1,0,0,0,0
1,33,0,1,0,1,60,,,,,,,1,84,98,1,blake_06,234,40,1,0,60,0,0,,0,0,0,0,0,0,0,,0,0,0,0,0,0,1,0,0,0,0
1,34,0,1,0,1,60,,,,,,,1,69,95,1,blake_06,144,40,1,0,60,0,0,,0,0,0,0,0,0,0,,0,0,0,0,0,0,1,0,0,0,0
1,35,0,1,0,1,60,,,,,,,1,11,93,1,blake_01,180,40,1,0,60,0,0,,0,0,0,0,0,0,0,,0,0,0,0,0,0,1,0,0,0,0
1,36,0,1,0,1,60,,,,,,,1,92,85,1,blake_06,72,40,1,0,60,0,0,,0,0,0,0,0,0,0,,0,0,0,0,0,0,1,0,0,0,0
1,37,0,1,0,1,60,,,,,,,1,4,50,1,blake_12,108,40,1,0,60,0,0,,0,0,0,0,0,0,0,,0,0,0,0,0,0,1,0,0,0,0
1,38,0,1,0,1,60,,,,,,,1,64,84,1,blake_12,324,40,1,0,60,0,0,,0,0,0,0,0,0,0,,0,0,0,0,0,0,1,0,0,0,0
1,39,0,1,0,1,60,,,,,,,1,76,52,1,blake_04,108,40,1,0,60,0,0,,0,0,0,0,0,0,0,,0,0,0,0,0,0,1,0,0,0,0
1,40,0,1,0,1,60,,,,,,,1,89,55,1,blake_07,216,40,1,0,60,0,0,,0,0,0,0,0,0,0,,0,0,0,0,0,0,1,0,0,0,0
1,41,0,1,0,1,60,,,,,,,1,2,85,1,blake_01,234,40,1,0,60,0,0,,0,0,0,0,0,0,0,,0,0,0,0,0,0,1,0,0,0,0
1,42,0,1,0,1,60,,,,,,,1,51,89,1,blake_11,108,40,1,0,60,0,0,,0,0,0,0,0,0,0,,0,0,0,0,0,0,1,0,0,0,0
1,43,0,1,0,1,60,,,,,,,1,91,99,1,blake_12,18,40,1,0,60,0,0,,0,0,0,0,0,0,0,,0,0,0,0,0,0,1,0,0,0,0
1,44,0,1,0,1,60,,,,,,,1,92,52,1,blake_07,18,40,1,0,60,0,0,,0,0,0,0,0,0,0,,0,0,0,0,0,0,1,0,0,0,0
1,45,0,1,0,1,60,,,,,,,1,57,8,1,blake_06,54,40,1,0,60,0,0,,0,0,0,0,0,0,0,,0,0,0,0,0,0,1,0,0,0,0
1,46,0,1,0,1,60,,,,,,,1,67,8,1,blake_06,198,40,1,0,60,0,0,,0,0,0,0,0,0,0,,0,0,0,0,0,0,1,0,0,0,0
1,47,0,1,0,1,60,,,,,,,1,86,68,1,blake_06,0,40,1,0,60,0,0,,0,0,0,0,0,0,0,,0,0,0,0,0,0,1,0,0,0,0
1,48,0,1,0,1,60,,,,,,,1,5,79,1,blake_04,180,40,1,0,60,0,0,,0,0,0,0,0,0,0,,0,0,0,0,0,0,1,0,0,0,0
1,49,0,1,0,1,60,,,,,,,1,1,89,1,blake_07,126,40,1,0,60,0,0,,0,0,0,0,0,0,0,,0,0,0,0,0,0,1,0,0,0,0
1,50,0,1,0,1,60,,,,,,,1,9,50,1,blake_06,36,40,1,0,60,0,0,,0,0,0,0,0,0,0,,0,0,0,0,0,0,1,0,0,0,0
1,51,0,1,0,1,60,,,,,,,1,16,9,1,blake_11,162,40,1,0,60,0,0,,0,0,0,0,0,0,0,,0,0,0,0,0,0,1,0,0,0,0
1,52,0,1,0,1,60,,,,,,,1,79,46,1,blake_04,18,40,1,0,60,0,0,,0,0,0,0,0,0,0,,0,0,0,0,0,0,1,0,0,0,0
1,53,0,1,0,1,60,,,,,,,1,13,80,1,blake_06,72,40,1,0,60,0,0,,0,0,0,0,0,0,0,,0,0,0,0,0,0,1,0,0,0,0
1,54,0,1,0,1,60,,,,,,,1,85,27,1,blake_07,144,40,1,0,60,0,0,,0,0,0,0,0,0,0,,0,0,0,0,0,0,1,0,0,0,0
1,55,0,1,0,1,60,,,,,,,1,12,43,1,blake_10,18,40,1,0,60,0,0,,0,0,0,0,0,0,0,,0,0,0,0,0,0,1,0,0,0,0
1,56,0,1,0,1,60,,,,,,,1,42,62,1,blake_04,342,40,1,0,60,0,0,,0,0,0,0,0,0,0,,0,0,0,0,0,0,1,0,0,0,0
1,57,0,1,0,1,60,,,,,,,1,44,61,1,blake_11,180,40,1,0,60,0,0,,0,0,0,0,0,0,0,,0,0,0,0,0,0,1,0,0,0,0
1,58,0,1,0,1,60,,,,,,,1,91,57,1,blake_08,18,40,1,0,60,0,0,,0,0,0,0,0,0,0,,0,0,0,0,0,0,1,0,0,0,0
1,59,0,1,0,1,60,,,,,,,1,30,68,1,blake_01,162,40,1,0,60,0,0,,0,0,0,0,0,0,0,,0,0,0,0,0,0,1,0,0,0,0
1,60,0,1,0,1,60,,,,,,,1,41,42,1,blake_10,0,40,1,0,60,0,0,,0,0,0,0,0,0,0,,0,0,0,0,0,0,1,0,0,0,0
1,61,0,1,0,1,60,,,,,,,1,30,70,1,blake_01,162,40,1,0,60,0,0,,0,0,0,0,0,0,0,,0,0,0,0,0,0,1,0,0,0,0
1,62,0,1,0,1,60,,,,,,,1,99,73,1,blake_10,126,40,1,0,60,0,0,,0,0,0,0,0,0,0,,0,0,0,0,0,0,1,0,0,0,0
1,63,0,1,0,1,60,,,,,,,1,18,44,1,blake_10,216,40,1,0,60,0,0,,0,0,0,0,0,0,0,,0,0,0,0,0,0,1,0,0,0,0
1,64,0,1,0,1,60,,,,,,,1,9,27,1,blake_07,162,40,1,0,60,0,0,,0,0,0,0,0,0,0,,0,0,0,0,0,0,1,0,0,0,0
2,1,0,1,0,1,60,,,,,,,1,45,97,1,blake_10,198,40,1,0,60,0,0,,0,0,0,0,0,0,0,,0,0,0,0,0,0,1,0,0,0,0
2,2,0,1,0,1,60,,,,,,,1,16,55,1,blake_07,252,40,1,0,60,0,0,,0,0,0,0,0,0,0,,0,0,0,0,0,0,1,0,0,0,0
2,3,0,1,0,1,60,,,,,,,1,40,26,1,blake_08,216,40,1,0,60,0,0,,0,0,0,0,0,0,0,,0,0,0,0,0,0,1,0,0,0,0
2,4,0,1,0,1,60,,,,,,,1,80,2,1,blake_12,126,40,1,0,60,0,0,,0,0,0,0,0,0,0,,0,0,0,0,0,0,1,0,0,0,0
2,5,0,1,0,1,60,,,,,,,1,96,38,1,blake_06,306,40,1,0,60,0,0,,0,0,0,0,0,0,0,,0,0,0,0,0,0,1,0,0,0,0
2,6,0,1,0,1,60,,,,,,,1,61,47,1,blake_08,270,40,1,0,60,0,0,,0,0,0,0,0,0,0,,0,0,0,0,0,0,1,0,0,0,0
2,7,0,1,0,1,60,,,,,,,1,63,65,1,blake_08,234,40,1,0,60,0,0,,0,0,0,0,0,0,0,,0,0,0,0,0,0,1,0,0,0,0
2,8,0,1,0,1,60,,,,,,,1,91,90,1,blake_06,126,40,1,0,60,0,0,,0,0,0,0,0,0,0,,0,0,0,0,0,0,1,0,0,0,0
2,9,0,1,0,1,60,,,,,,,1,75,79,1,blake_07,288,40,1,0,60,0,0,,0,0,0,0,0,0,0,,0,0,0,0,0,0,1,0,0,0,0
2,10,0,1,0,1,60,,,,,,,1,86,85,1,blake_10,342,40,1,0,60,0,0,,0,0,0,0,0,0,0,,0,0,0,0,0,0,1,0,0,0,0
2,11,0,1,0,1,60,,,,,,,1,13,46,1,blake_06,162,40,1,0,60,0,0,,0,0,0,0,0,0,0,,0,0,0,0,0,0,1,0,0,0,0
2,12,0,1,0,1,60,,,,,,,1,78,80,1,blake_07,180,40,1,0,60,0,0,,0,0,0,0,0,0,0,,0,0,0,0,0,0,1,0,0,0,0
2,13,0,1,0,1,60,,,,,,,1,39,78,1,blake_01,72,40,1,0,60,0,0,,0,0,0,0,0,0,0,,0,0,0,0,0,0,1,0,0,0,0
2,14,0,1,0,1,60,,,,,,,1,34,11,1,blake_11,54,40,1,0,60,0,0,,0,0,0,0,0,0,0,,0,0,0,0,0,0,1,0,0,0,0
2,15,0,1,0,1,60,,,,,,,1,9,34,1,blake_11,36,40,1,0,60,0,0,,0,0,0,0,0,0,0,,0,0,0,0,0,0,1,0,0,0,0
2,16,0,1,0,1,60,,,,,,,1,6,45,1,blake_08,342,40,1,0,60,0,0,,0,0,0,0,0,0,0,,0,0,0,0,0,0,1,0,0,0,0
2,17,0,1,0,1,60,,,,,,,1,46,78,1,blake_07,144,40,1,0,60,0,0,,0,0,0,0,0,0,0,,0,0,0,0,0,0,1,0,0,0,0
2,18,0,1,0,1,60,,,,,,,1,9,63,1,blake_10,108,40,1,0,60,0,0,,0,0,0,0,0,0,0,,0,0,0,0,0,0,1,0,0,0,0
2,19,0,1,0,1,60,,,,,,,1,79,89,1,blake_06,252,40,1,0,60,0,0,,0,0,0,0,0,0,0,,0,0,0,0,0,0,1,0,0,0,0
2,20,0,1,0,1,60,,,,,,,1,16,8,1,blake_12,72,40,1,0,60,0,0,,0,0,0,0,0,0,0,,0,0,0,0,0,0,1,0,0,0,0
2,21,0,1,0,1,60,,,,,,,1,58,71,1,blake_11,252,40,1,0,60,0,0,,0,0,0,0,0,0,0,,0,0,0,0,0,0,1,0,0,0,0
2,22,0,1,0,1,60,,,,,,,1,75,6,1,blake_07,126,40,1,0,60,0,0,,0,0,0,0,0,0,0,,0,0,0,0,0,0,1,0,0,0,0
2,23,0,1,0,1,60,,,,,,,1,5,39,1,blake_12,90,40,1,0,60,0,0,,0,0,0,0,0,0,0,,0,0,0,0,0,0,1,0,0,0,0
2,24,0,1,0,1,60,,,,,,,1,78,93,1,blake_10,54,40,1,0,60,0,0,,0,0,0,0,0,0,0,,0,0,0,0,0,0,1,0,0,0,0
2,25,0,1,0,1,60,,,,,,,1,64,69,1,blake_12,126,40,1,0,60,0,0,,0,0,0,0,0,0,0,,0,0,0,0,0,0,1,0,0,0,0
2,26,0,1,0,1,60,,,,,,,1,71,69,1,blake_06,288,40,1,0,60,0,0,,0,0,0,0,0,0,0,,0,0,0,0,0,0,1,0,0,0,0
2,27,0,1,0,1,60,,,,,,,1,96,64,1,blake_12,252,40,1,0,60,0,0,,0,0,0,0,0,0,0,,0,0,0,0,0,0,1,0,0,0,0
2,28,0,1,0,1,60,,,,,,,1,82,42,1,blake_04,288,40,1,0,60,0,0,,0,0,0,0,0,0,0,,0,0,0,0,0,0,1,0,0,0,0
2,29,0,1,0,1,60,,,,,,,1,35,40,1,blake_06,72,40,1,0,60,0,0,,0,0,0,0,0,0,0,,0,0,0,0,0,0,1,0,0,0,0
2,30,0,1,0,1,60,,,,,,,1,40,93,1,blake_04,18,40,1,0,60,0,0,,0,0,0,0,0,0,0,,0,0,0,0,0,0,1,0,0,0,0
2,31,0,1,0,1,60,,,,,,,1,70,52,1,blake_01,306,40,1,0,60,0,0,,0,0,0,0,0,0,0,,0,0,0,0,0,0,1,0,0,0,0
2,32,0,1,0,1,60,,,,,,,1,81,5,1,blake_04,198,40,1,0,60,0,0,,0,0,0,0,0,0,0,,0,0,0,0,0,0,1,0,0,0,0
2,33,0,1,0,1,60,,,,,,,1,4,22,1,blake_12,234,40,1,0,60,0,0,,0,0,0,0,0,0,0,,0,0,0,0,0,0,1,0,0,0,0
2,34,0,1,0,1,60,,,,,,,1,97,24,1,blake_01,90,40,1,0,60,0,0,,0,0,0,0,0,0,0,,0,0,0,0,0,0,1,0,0,0,0
2,35,0,1,0,1,60,,,,,,,1,67,39,1,blake_04,270,40,1,0,60,0,0,,0,0,0,0,0,0,0,,0,0,0,0,0,0,1,0,0,0,0
2,36,0,1,0,1,60,,,,,,,1,19,91,1,blake_06,306,40,1,0,60,0,0,,0,0,0,0,0,0,0,,0,0,0,0,0,0,1,0,0,0,0
2,37,0,1,0,1,60,,,,,,,1,95,53,1,blake_12,90,40,1,0,60,0,0,,0,0,0,0,0,0,0,,0,0,0,0,0,0,1,0,0,0,0
2,38,0,1,0,1,60,,,,,,,1,22,8,1,blake_08,162,40,1,0,60,0,0,,0,0,0,0,0,0,0,,0,0,0,0,0,0,1,0,0,0,0
2,39,0,1,0,1,60,,,,,,,1,3,16,1,blake_08,216,40,1,0,60,0,0,,0,0,0,0,0,0,0,,0,0,0,0,0,0,1,0,0,0,0
2,40,0,1,0,1,60,,,,,,,1,59,71,1,blake_01,342,40,1,0,60,0,0,,0,0,0,0,0,0,0,,0,0,0,0,0,0,1,0,0,0,0
2,41,0,1,0,1,60,,,,,,,1,28,33,1,blake_08,198,40,1,0,60,0,0,,0,0,0,0,0,0,0,,0,0,0,0,0,0,1,0,0,0,0
2,42,0,1,0,1,60,,,,,,,1,6,8,1,blake_10,180,40,1,0,60,0,0,,0,0,0,0,0,0,0,,0,0,0,0,0,0,1,0,0,0,0
2,43,0,1,0,1,60,,,,,,,1,8,28,1,blake_07,216,40,1,0,60,0,0,,0,0,0,0,0,0,0,,0,0,0,0,0,0,1,0,0,0,0
2,44,0,1,0,1,60,,,,,,,1,23,26,1,blake_07,36,40,1,0,60,0,0,,0,0,0,0,0,0,0,,0,0,0,0,0,0,1,0,0,0,0
2,45,0,1,0,1,60,,,,,,,1,68,23,1,blake_11,18,40,1,0,60,0,0,,0,0,0,0,0,0,0,,0,0,0,0,0,0,1,0,0,0,0
2,46,0,1,0,1,60,,,,,,,1,17,5,1,blake_06,306,40,1,0,60,0,0,,0,0,0,0,0,0,0,,0,0,0,0,0,0,1,0,0,0,0
2,47,0,1,0,1,60,,,,,,,1,94,93,1,blake_10,162,40,1,0,60,0,0,,0,0,0,0,0,0,0,,0,0,0,0,0,0,1,0,0,0,0
2,48,0,1,0,1,60,,,,,,,1,50,41,1,blake_10,54,40,1,0,60,0,0,,0,0,0,0,0,0,0,,0,0,0,0,0,0,1,0,0,0,0
2,49,0,1,0,1,60,,,,,,,1,28,11,1,blake_06,0,40,1,0,60,0,0,,0,0,0,0,0,0,0,,0,0,0,0,0,0,1,0,0,0,0
2,50,0,1,0,1,60,,,,,,,1,53,6,1,blake_04,252,40,1,0,60,0,0,,0,0,0,0,0,0,0,,0,0,0,0,0,0,1,0,0,0,0
2,51,0,1,0,1,60,,,,,,,1,44,60,1,blake_11,90,40,1,0,60,0,0,,0,0,0,0,0,0,0,,0,0,0,0,0,0,1,0,0,0,0
2,52,0,1,0,1,60,,,,,,,1,4,70,1,blake_12,144,40,1,0,60,0,0,,0,0,0,0,0,0,0,,0,0,0,0,0,0,1,0,0,0,0
2,53,0,1,0,1,60,,,,,,,1,57,27,1,blake_07,162,40,1,0,60,0,0,,0,0,0,0,0,0,0,,0,0,0,0,0,0,1,0,0,0,0
2,54,0,1,0,1,60,,,,,,,1,88,75,1,blake_01,36,40,1,0,60,0,0,,0,0,0,0,0,0,0,,0,0,0,0,0,0,1,0,0,0,0
2,55,0,1,0,1,60,,,,,,,1,41,76,1,blake_11,54,40,1,0,60,0,0,,0,0,0,0,0,0,0,,0,0,0,0,0,0,1,0,0,0,0
2,56,0,1,0,1,60,,,,,,,1,86,44,1,blake_04,288,40,1,0,60,0,0,,0,0,0,0,0,0,0,,0,0,0,0,0,0,1,0,0,0,0
2,57,0,1,0,1,60,,,,,,,1,35,83,1,blake_12,324,40,1,0,60,0,0,,0,0,0,0,0,0,0,,0,0,0,0,0,0,1,0,0,0,0
2,58,0,1,0,1,60,,,,,,,1,86,11,1,blake_06,252,40,1,0,60,0,0,,0,0,0,0,0,0,0,,0,0,0,0,0,0,1,0,0,0,0
2,59,0,1,0,1,60,,,,,,,1,50,35,1,blake_04,216,40,1,0,60,0,0,,0,0,0,0,0,0,0,,0,0,0,0,0,0,1,0,0,0,0
2,60,0,1,0,1,60,,,,,,,1,42,38,1,blake_07,324,40,1,0,60,0,0,,0,0,0,0,0,0,0,,0,0,0,0,0,0,1,0,0,0,0
2,61,0,1,0,1,60,,,,,,,1,69,9,1,blake_04,216,40,1,0,60,0,0,,0,0,0,0,0,0,0,,0,0,0,0,0,0,1,0,0,0,0
2,62,0,1,0,1,60,,,,,,,1,98,78,1,blake_01,0,40,1,0,60,0,0,,0,0,0,0,0,0,0,,0,0,0,0,0,0,1,0,0,0,0
2,63,0,1,0,1,60,,,,,,,1,15,61,1,blake_10,108,40,1,0,60,0,0,,0,0,0,0,0,0,0,,0,0,0,0,0,0,1,0,0,0,0
2,64,0,1,0,1,60,,,,,,,1,91,11,1,blake_12,234,40,1,0,60,0,0,,0,0,0,0,0,0,0,,0,0,0,0,0,0,1,0,0,0,0
3,1,0,1,0,1,60,,,,,,,1,55,10,1,blake_04,54,40,1,0,60,0,0,,0,0,0,0,0,0,0,,0,0,0,0,0,0,1,0,0,0,0
3,2,0,1,0,1,60,,,,,,,1,49,24,1,blake_01,0,40,1,0,60,0,0,,0,0,0,0,0,0,0,,0,0,0,0,0,0,1,0,0,0,0
3,3,0,1,0,1,60,,,,,,,1,28,82,1,blake_11,0,40,1,0,60,0,0,,0,0,0,0,0,0,0,,0,0,0,0,0,0,1,0,0,0,0
3,4,0,1,0,1,60,,,,,,,1,88,22,1,blake_04,72,40,1,0,60,0,0,,0,0,0,0,0,0,0,,0,0,0,0,0,0,1,0,0,0,0
3,5,0,1,0,1,60,,,,,,,1,74,71,1,blake_07,288,40,1,0,60,0,0,,0,0,0,0,0,0,0,,0,0,0,0,0,0,1,0,0,0,0
3,6,0,1,0,1,60,,,,,,,1,93,25,1,blake_06,324,40,1,0,60,0,0,,0,0,0,0,0,0,0,,0,0,0,0,0,0,1,0,0,0,0
3,7,0,1,0,1,60,,,,,,,1,69,23,1,blake_06,90,40,1,0,60,0,0,,0,0,0,0,0,0,0,,0,0,0,0,0,0,1,0,0,0,0
3,8,0,1,0,1,60,,,,,,,1,67,27,1,blake_12,108,40,1,0,60,0,0,,0,0,0,0,0,0,0,,0,0,0,0,0,0,1,0,0,0,0
3,9,0,1,0,1,60,,,,,,,1,67,74,1,blake_04,216,40,1,0,60,0,0,,0,0,0,0,0,0,0,,0,0,0,0,0,0,1,0,0,0,0
3,10,0,1,0,1,60,,,,,,,1,37,15,1,blake_06,90,40,1,0,60,0,0,,0,0,0,0,0,0,0,,0,0,0,0,0,0,1,0,0,0,0
3,11,0,1,0,1,60,,,,,,,1,57,7,1,blake_10,252,40,1,0,60,0,0,,0,0,0,0,0,0,0,,0,0,0,0,0,0,1,0,0,0,0
3,12,0,1,0,1,60,,,,,,,1,81,58,1,blake_01,270,40,1,0,60,0,0,,0,0,0,0,0,0,0,,0,0,0,0,0,0,1,0,0,0,0
3,13,0,1,0,1,60,,,,,,,1,2,63,1,blake_04,54,40,1,0,60,0,0,,0,0,0,0,0,0,0,,0,0,0,0,0,0,1,0,0,0,0
3,14,0,1,0,1,60,,,,,,,1,99,35,1,blake_10,234,40,1,0,60,0,0,,0,0,0,0,0,0,0,,0,0,0,0,0,0,1,0,0,0,0
3,15,0,1,0,1,60,,,,,,,1,14,19,1,blake_06,18,40,1,0,60,0,0,,0,0,0,0,0,0,0,,0,0,0,0,0,0,1,0,0,0,0
3,16,0,1,0,1,60,,,,,,,1,38,98,1,blake_07,306,40,1,0,60,0,0,,0,0,0,0,0,0,0,,0,0,0,0,0,0,1,0,0,0,0
3,17,0,1,0,1,60,,,,,,,1,14,56,1,blake_01,144,40,1,0,60,0,0,,0,0,0,0,0,0,0,,0,0,0,0,0,0,1,0,0,0,0
3,18,0,1,0,1,60,,,,,,,1,16,8,1,blake_04,324,40,1,0,60,0,0,,0,0,0,0,0,0,0,,0,0,0,0,0,0,1,0,0,0,0
3,19,0,1,0,1,60,,,,,,,1,30,92,1,blake_08,108,40,1,0,60,0,0,,0,0,0,0,0,0,0,,0,0,0,0,0,0,1,0,0,0,0
3,20,0,1,0,1,60,,,,,,,1,38,96,1,blake_06,0,40,1,0,60,0,0,,0,0,0,0,0,0,0,,0,0,0,0,0,0,1,0,0,0,0
3,21,0,1,0,1,60,,,,,,,1,98,91,1,blake_07,144,40,1,0,60,0,0,,0,0,0,0,0,0,0,,0,0,0,0,0,0,1,0,0,0,0
3,22,0,1,0,1,60,,,,,,,1,51,92,1,blake_04,288,40,1,0,60,0,0,,0,0,0,0,0,0,0,,0,0,0,0,0,0,1,0,0,0,0
3,23,0,1,0,1,60,,,,,,,1,69,71,1,blake_12,108,40,1,0,60,0,0,,0,0,0,0,0,0,0,,0,0,0,0,0,0,1,0,0,0,0
3,24,0,1,0,1,60,,,,,,,1,45,15,1,blake_01,216,40,1,0,60,0,0,,0,0,0,0,0,0,0,,0,0,0,0,0,0,1,0,0,0,0
3,25,0,1,0,1,60,,,,,,,1,3,90,1,blake_01,126,40,1,0,60,0,0,,0,0,0,0,0,0,0,,0,0,0,0,0,0,1,0,0,0,0
3,26,0,1,0,1,60,,,,,,,1,32,66,1,blake_10,198,40,1,0,60,0,0,,0,0,0,0,0,0,0,,0,0,0,0,0,0,1,0,0,0,0
3,27,0,1,0,1,60,,,,,,,1,26,42,1,blake_06,216,40,1,0,60,0,0,,0,0,0,0,0,0,0,,0,0,0,0,0,0,1,0,0,0,0
3,28,0,1,0,1,60,,,,,,,1,19,40,1,blake_04,306,40,1,0,60,0,0,,0,0,0,0,0,0,0,,0,0,0,0,0,0,1,0,0,0,0
3,29,0,1,0,1,60,,,,,,,1,52,10,1,blake_08,0,40,1,0,60,0,0,,0,0,0,0,0,0,0,,0,0,0,0,0,0,1,0,0,0,0
3,30,0,1,0,1,60,,,,,,,1,87,74,1,blake_11,90,40,1,0,60,0,0,,0,0,0,0,0,0,0,,0,0,0,0,0,0,1,0,0,0,0
3,31,0,1,0,1,60,,,,,,,1,94,62,1,blake_12,180,40,1,0,60,0,0,,0,0,0,0,0,0,0,,0,0,0,0,0,0,1,0,0,0,0
3,32,0,1,0,1,60,,,,,,,1,54,60,1,blake_10,252,40,1,0,60,0,0,,0,0,0,0,0,0,0,,0,0,0,0,0,0,1,0,0,0,0
3,33,0,1,0,1,60,,,,,,,1,23,43,1,blake_07,252,40,1,0,60,0,0,,0,0,0,0,0,0,0,,0,0,0,0,0,0,1,0,0,0,0
3,34,0,1,0,1,60,,,,,,,1,17,58,1,blake_12,72,40,1,0,60,0,0,,0,0,0,0,0,0,0,,0,0,0,0,0,0,1,0,0,0,0
3,35,0,1,0,1,60,,,,,,,1,41,21,1,blake_12,324,40,1,0,60,0,0,,0,0,0,0,0,0,0,,0,0,0,0,0,0,1,0,0,0,0
3,36,0,1,0,1,60,,,,,,,1,34,56,1,blake_11,90,40,1,0,60,0,0,,0,0,0,0,0,0,0,,0,0,0,0,0,0,1,0,0,0,0
3,37,0,1,0,1,60,,,,,,,1,57,96,1,blake_04,162,40,1,0,60,0,0,,0,0,0,0,0,0,0,,0,0,0,0,0,0,1,0,0,0,0
3,38,0,1,0,1,60,,,,,,,1,49,18,1,blake_08,306,40,1,0,60,0,0,,0,0,0,0,0,0,0,,0,0,0,0,0,0,1,0,0,0,0
3,39,0,1,0,1,60,,,,,,,1,0,23,1,blake_01,144,40,1,0,60,0,0,,0,0,0,0,0,0,0,,0,0,0,0,0,0,1,0,0,0,0
3,40,0,1,0,1,60,,,,,,,1,21,70,1,blake_01,270,40,1,0,60,0,0,,0,0,0,0,0,0,0,,0,0,0,0,0,0,1,0,0,0,0
3,41,0,1,0,1,60,,,,,,,1,96,61,1,blake_07,36,40,1,0,60,0,0,,0,0,0,0,0,0,0,,0,0,0,0,0,0,1,0,0,0,0
3,42,0,1,0,1,60,,,,,,,1,85,78,1,blake_12,270,40,1,0,60,0,0,,0,0,0,0,0,0,0,,0,0,0,0,0,0,1,0,0,0,0
3,43,0,1,0,1,60,,,,,,,1,55,47,1,blake_10,234,40,1,0,60,0,0,,0,0,0,0,0,0,0,,0,0,0,0,0,0,1,0,0,0,0
3,44,0,1,0,1,60,,,,,,,1,92,40,1,blake_11,252,40,1,0,60,0,0,,0,0,0,0,0,0,0,,0,0,0,0,0,0,1,0,0,0,0
3,45,0,1,0,1,60,,,,,,,1,9,79,1,blake_11,18,40,1,0,60,0,0,,0,0,0,0,0,0,0,,0,0,0,0,0,0,1,0,0,0,0
3,46,0,1,0,1,60,,,,,,,1,59,70,1,blake_01,90,40,1,0,60,0,0,,0,0,0,0,0,0,0,,0,0,0,0,0,0,1,0,0,0,0
3,47,0,1,0,1,60,,,,,,,1,14,11,1,blake_06,324,40,1,0,60,0,0,,0,0,0,0,0,0,0,,0,0,0,0,0,0,1,0,0,0,0
3,48,0,1,0,1,60,,,,,,,1,23,43,1,blake_04,18,40,1,0,60,0,0,,0,0,0,0,0,0,0,,0,0,0,0,0,0,1,0,0,0,0
3,49,0,1,0,1,60,,,,,,,1,29,34,1,blake_01,126,40,1,0,60,0,0,,0,0,0,0,0,0,0,,0,0,0,0,0,0,1,0,0,0,0
3,50,0,1,0,1,60,,,,,,,1,41,21,1,blake_01,270,40,1,0,60,0,0,,0,0,0,0,0,0,0,,0,0,0,0,0,0,1,0,0,0,0
3,51,0,1,0,1,60,,,,,,,1,40,2,1,blake_01,252,40,1,0,60,0,0,,0,0,0,0,0,0,0,,0,0,0,0,0,0,1,0,0,0,0
3,52,0,1,0,1,60,,,,,,,1,15,94,1,blake_06,90,40,1,0,60,0,0,,0,0,0,0,0,0,0,,0,0,0,0,0,0,1,0,0,0,0
3,53,0,1,0,1,60,,,,,,,1,86,5,1,blake_11,288,40,1,0,60,0,0,,0,0,0,0,0,0,0,,0,0,0,0,0,0,1,0,0,0,0
3,54,0,1,0,1,60,,,,,,,1,83,6,1,blake_08,270,40,1,0,60,0,0,,0,0,0,0,0,0,0,,0,0,0,0,0,0,1,0,0,0,0
3,55,0,1,0,1,60,,,,,,,1,83,60,1,blake_07,270,40,1,0,60,0,0,,0,0,0,0,0,0,0,,0,0,0,0,0,0,1,0,0,0,0
3,56,0,1,0,1,60,,,,,,,1,12,23,1,blake_06,198,40,1,0,60,0,0,,0,0,0,0,0,0,0,,0,0,0,0,0,0,1,0,0,0,0
3,57,0,1,0,1,60,,,,,,,1,25,97,1,blake_12,252,40,1,0,60,0,0,,0,0,0,0,0,0,0,,0,0,0,0,0,0,1,0,0,0,0
3,58,0,1,0,1,60,,,,,,,1,44,99,1,blake_12,126,40,1,0,60,0,0,,0,0,0,0,0,0,0,,0,0,0,0,0,0,1,0,0,0,0
3,59,0,1,0,1,60,,,,,,,1,7,13,1,blake_10,234,40,1,0,60,0,0,,0,0,0,0,0,0,0,,0,0,0,0,0,0,1,0,0,0,0
3,60,0,1,0,1,60,,,,,,,1,68,39,1,blake_06,216,40,1,0,60,0,0,,0,0,0,0,0,0,0,,0,0,0,0,0,0,1,0,0,0,0
3,61,0,1,0,1,60,,,,,,,1,6,85,1,blake_07,180,40,1,0,60,0,0,,0,0,0,0,0,0,0,,0,0,0,0,0,0,1,0,0,0,0
3,62,0,1,0,1,60,,,,,,,1,21,43,1,blake_01,162,40,1,0,60,0,0,,0,0,0,0,0,0,0,,0,0,0,0,0,0,1,0,0,0,0
3,63,0,1,0,1,60,,,,,,,1,81,31,1,blake_04,198,40,1,0,60,0,0,,0,0,0,0,0,0,0,,0,0,0,0,0,0,1,0,0,0,0
3,64,0,1,0,1,60,,,,,,,1,85,20,1,blake_06,108,40,1,0,60,0,0,,0,0,0,0,0,0,0,,0,0,0,0,0,0,1,0,0,0,0
4,1,0,1,0,1,60,,,,,,,1,75,16,1,blake_06,18,40,1,0,60,0,0,,0,0,0,0,0,0,0,,0,0,0,0,0,0,1,0,0,0,0
4,2,0,1,0,1,60,,,,,,,1,59,80,1,blake_08,108,40,1,0,60,0,0,,0,0,0,0,0,0,0,,0,0,0,0,0,0,1,0,0,0,0
4,3,0,1,0,1,60,,,,,,,1,32,94,1,blake_04,288,40,1,0,60,0,0,,0,0,0,0,0,0,0,,0,0,0,0,0,0,1,0,0,0,0
4,4,0,1,0,1,60,,,,,,,1,1,81,1,blake_10,126,40,1,0,60,0,0,,0,0,0,0,0,0,0,,0,0,0,0,0,0,1,0,0,0,0
4,5,0,1,0,1,60,,,,,,,1,58,79,1,blake_08,54,40,1,0,60,0,0,,0,0,0,0,0,0,0,,0,0,0,0,0,0,1,0,0,0,0
4,6,0,1,0,1,60,,,,,,,1,90,63,1,blake_06,72,40,1,0,60,0,0,,0,0,0,0,0,0,0,,0,0,0,0,0,0,1,0,0,0,0
4,7,0,1,0,1,60,,,,,,,1,56,6,1,blake_01,36,40,1,0,60,0,0,,0,0,0,0,0,0,0,,0,0,0,0,0,0,1,0,0,0,0
4,8,0,1,0,1,60,,,,,,,1,5,31,1,blake_11,18,40,1,0,60,0,0,,0,0,0,0,0,0,0,,0,0,0,0,0,0,1,0,0,0,0
4,9,0,1,0,1,60,,,,,,,1,71,9,1,blake_06,234,40,1,0,60,0,0,,0,0,0,0,0,0,0,,0,0,0,0,0,0,1,0,0,0,0
4,10,0,1,0,1,60,,,,,,,1,94,38,1,blake_01,252,40,1,0,60,0,0,,0,0,0,0,0,0,0,,0,0,0,0,0,0,1,0,0,0,0
4,11,0,1,0,1,60,,,,,,,1,52,85,1,blake_06,234,40,1,0,60,0,0,,0,0,0,0,0,0,0,,0,0,0,0,0,0,1,0,0,0,0
4,12,0,1,0,1,60,,,,,,,1,92,69,1,blake_01,36,40,1,0,60,0,0,,0,0,0,0,0,0,0,,0,0,0,0,0,0,1,0,0,0,0
4,13,0,1,0,1,60,,,,,,,1,97,95,1,blake_10,72,40,1,0,60,0,0,,0,0,0,0,0,0,0,,0,0,0,0,0,0,1,0,0,0,0
4,14,0,1,0,1,60,,,,,,,1,18,75,1,blake_04,216,40,1,0,60,0,0,,0,0,0,0,0,0,0,,0,0,0,0,0,0,1,0,0,0,0
4,15,0,1,0,1,60,,,,,,,1,1,27,1,blake_07,72,40,1,0,60,0,0,,0,0,0,0,0,0,0,,0,0,0,0,0,0,1,0,0,0,0
4,16,0,1,0,1,60,,,,,,,1,77,65,1,blake_04,90,40,1,0,60,0,0,,0,0,0,0,0,0,0,,0,0,0,0,0,0,1,0,0,0,0
4,17,0,1,0,1,60,,,,,,,1,42,57,1,blake_11,342,40,1,0,60,0,0,,0,0,0,0,0,0,0,,0,0,0,0,0,0,1,0,0,0,0
4,18,0,1,0,1,60,,,,,,,1,46,58,1,blake_10,108,40,1,0,60,0,0,,0,0,0,0,0,0,0,,0,0,0,0,0,0,1,0,0,0,0
4,19,0,1,0,1,60,,,,,,,1,7,11,1,blake_12,306,40,1,0,60,0,0,,0,0,0,0,0,0,0,,0,0,0,0,0,0,1,0,0,0,0
4,20,0,1,0,1,60,,,,,,,1,97,54,1,blake_12,234,40,1,0,60,0,0,,0,0,0,0,0,0,0,,0,0,0,0,0,0,1,0,0,0,0
4,21,0,1,0,1,60,,,,,,,1,81,53,1,blake_07,72,40,1,0,60,0,0,,0,0,0,0,0,0,0,,0,0,0,0,0,0,1,0,0,0,0
4,22,0,1,0,1,60,,,,,,,1,25,28,1,blake_08,72,40,1,0,60,0,0,,0,0,0,0,0,0,0,,0,0,0,0,0,0,1,0,0,0,0
4,23,0,1,0,1,60,,,,,,,1,59,24,1,blake_11,342,40,1,0,60,0,0,,0,0,0,0,0,0,0,,0,0,0,0,0,0,1,0,0,0,0
4,24,0,1,0,1,60,,,,,,,1,55,33,1,blake_08,288,40,1,0,60,0,0,,0,0,0,0,0,0,0,,0,0,0,0,0,0,1,0,0,0,0
4,25,0,1,0,1,60,,,,,,,1,91,74,1,blake_11,144,40,1,0,60,0,0,,0,0,0,0,0,0,0,,0,0,0,0,0,0,1,0,0,0,0
4,26,0,1,0,1,60,,,,,,,1,20,14,1,blake_06,288,40,1,0,60,0,0,,0,0,0,0,0,0,0,,0,0,0,0,0,0,1,0,0,0,0
4,27,0,1,0,1,60,,,,,,,1,95,12,1,blake_04,90,40,1,0,60,0,0,,0,0,0,0,0,0,0,,0,0,0,0,0,0,1,0,0,0,0
4,28,0,1,0,1,60,,,,,,,1,19,100,1,blake_10,54,40,1,0,60,0,0,,0,0,0,0,0,0,0,,0,0,0,0,0,0,1,0,0,0,0
4,29,0,1,0,1,60,,,,,,,1,53,40,1,blake_04,342,40,1,0,60,0,0,,0,0,0,0,0,0,0,,0,0,0,0,0,0,1,0,0,0,0
4,30,0,1,0,1,60,,,,,,,1,88,1,1,blake_08,72,40,1,0,60,0,0,,0,0,0,0,0,0,0,,0,0,0,0,0,0,1,0,0,0,0
4,31,0,1,0,1,60,,,,,,,1,10,95,1,blake_12,126,40,1,0,60,0,0,,0,0,0,0,0,0,0,,0,0,0,0,0,0,1,0,0,0,0
4,32,0,1,0,1,60,,,,,,,1,28,85,1,blake_06,288,40,1,0,60,0,0,,0,0,0,0,0,0,0,,0,0,0,0,0,0,1,0,0,0,0
4,33,0,1,0,1,60,,,,,,,1,1,13,1,blake_07,126,40,1,0,60,0,0,,0,0,0,0,0,0,0,,0,0,0,0,0,0,1,0,0,0,0
4,34,0,1,0,1,60,,,,,,,1,67,76,1,blake_04,126,40,1,0,60,0,0,,0,0,0,0,0,0,0,,0,0,0,0,0,0,1,0,0,0,0
4,35,0,1,0,1,60,,,,,,,1,10,23,1,blake_11,108,40,1,0,60,0,0,,0,0,0,0,0,0,0,,0,0,0,0,0,0,1,0,0,0,0
4,36,0,1,0,1,60,,,,,,,1,21,44,1,blake_06,306,40,1,0,60,0,0,,0,0,0,0,0,0,0,,0,0,0,0,0,0,1,0,0,0,0
4,37,0,1,0,1,60,,,,,,,1,99,53,1,blake_12,180,40,1,0,60,0,0,,0,0,0,0,0,0,0,,0,0,0,0,0,0,1,0,0,0,0
4,38,0,1,0,1,60,,,,,,,1,62,53,1,blake_11,252,40,1,0,60,0,0,,0,0,0,0,0,0,0,,0,0,0,0,0,0,1,0,0,0,0
4,39,0,1,0,1,60,,,,,,,1,24,14,1,blake_08,144,40,1,0,60,0,0,,0,0,0,0,0,0,0,,0,0,0,0,0,0,1,0,0,0,0
4,40,0,1,0,1,60,,,,,,,1,99,75,1,blake_01,36,40,1,0,60,0,0,,0,0,0,0,0,0,0,,0,0,0,0,0,0,1,0,0,0,0
4,41,0,1,0,1,60,,,,,,,1,4,100,1,blake_01,126,40,1,0,60,0,0,,0,0,0,0,0,0,0,,0,0,0,0,0,0,1,0,0,0,0
4,42,0,1,0,1,60,,,,,,,1,72,22,1,blake_07,342,40,1,0,60,0,0,,0,0,0,0,0,0,0,,0,0,0,0,0,0,1,0,0,0,0
4,43,0,1,0,1,60,,,,,,,1,18,9,1,blake_01,180,40,1,0,60,0,0,,0,0,0,0,0,0,0,,0,0,0,0,0,0,1,0,0,0,0
4,44,0,1,0,1,60,,,,,,,1,61,66,1,blake_07,270,40,1,0,60,0,0,,0,0,0,0,0,0,0,,0,0,0,0,0,0,1,0,0,0,0
4,45,0,1,0,1,60,,,,,,,1,35,70,1,blake_01,36,40,1,0,60,0,0,,0,0,0,0,0,0,0,,0,0,0,0,0,0,1,0,0,0,0
4,46,0,1,0,1,60,,,,,,,1,58,57,1,blake_07,36,40,1,0,60,0,0,,0,0,0,0,0,0,0,,0,0,0,0,0,0,1,0,0,0,0
4,47,0,1,0,1,60,,,,,,,1,25,29,1,blake_06,108,40,1,0,60,0,0,,0,0,0,0,0,0,0,,0,0,0,0,0,0,1,0,0,0,0
4,48,0,1,0,1,60,,,,,,,1,51,19,1,blake_04,324,40,1,0,60,0,0,,0,0,0,0,0,0,0,,0,0,0,0,0,0,1,0,0,0,0
4,49,0,1,0,1,60,,,,,,,1,59,26,1,blake_11,342,40,1,0,60,0,0,,0,0,0,0,0,0,0,,0,0,0,0,0,0,1,0,0,0,0
4,50,0,1,0,1,60,,,,,,,1,23,96,1,blake_08,144,40,1,0,60,0,0,,0,0,0,0,0,0,0,,0,0,0,0,0,0,1,0,0,0,0
4,51,0,1,0,1,60,,,,,,,1,79,23,1,blake_01,198,40,1,0,60,0,0,,0,0,0,0,0,0,0,,0,0,0,0,0,0,1,0,0,0,0
4,52,0,1,0,1,60,,,,,,,1,30,81,1,blake_01,126,40,1,0,60,0,0,,0,0,0,0,0,0,0,,0,0,0,0,0,0,1,0,0,0,0
4,53,0,1,0,1,60,,,,,,,1,82,49,1,blake_04,126,40,1,0,60,0,0,,0,0,0,0,0,0,0,,0,0,0,0,0,0,1,0,0,0,0
4,54,0,1,0,1,60,,,,,,,1,83,51,1,blake_12,162,40,1,0,60,0,0,,0,0,0,0,0,0,0,,0,0,0,0,0,0,1,0,0,0,0
4,55,0,1,0,1,60,,,,,,,1,60,16,1,blake_06,144,40,1,0,60,0,0,,0,0,0,0,0,0,0,,0,0,0,0,0,0,1,0,0,0,0
4,56,0,1,0,1,60,,,,,,,1,76,90,1,blake_08,198,40,1,0,60,0,0,,0,0,0,0,0,0,0,,0,0,0,0,0,0,1,0,0,0,0
4,57,0,1,0,1,60,,,,,,,1,65,38,1,blake_11,180,40,1,0,60,0,0,,0,0,0,0,0,0,0,,0,0,0,0,0,0,1,0,0,0,0
4,58,0,1,0,1,60,,,,,,,1,85,54,1,blake_11,126,40,1,0,60,0,0,,0,0,0,0,0,0,0,,0,0,0,0,0,0,1,0,0,0,0
4,59,0,1,0,1,60,,,,,,,1,1,61,1,blake_01,108,40,1,0,60,0,0,,0,0,0,0,0,0,0,,0,0,0,0,0,0,1,0,0,0,0
4,60,0,1,0,1,60,,,,,,,1,78,31,1,blake_10,216,40,1,0,60,0,0,,0,0,0,0,0,0,0,,0,0,0,0,0,0,1,0,0,0,0
4,61,0,1,0,1,60,,,,,,,1,90,95,1,blake_08,144,40,1,0,60,0,0,,0,0,0,0,0,0,0,,0,0,0,0,0,0,1,0,0,0,0
4,62,0,1,0,1,60,,,,,,,1,87,44,1,blake_04,108,40,1,0,60,0,0,,0,0,0,0,0,0,0,,0,0,0,0,0,0,1,0,0,0,0
4,63,0,1,0,1,60,,,,,,,1,97,62,1,blake_08,144,40,1,0,60,0,0,,0,0,0,0,0,0,0,,0,0,0,0,0,0,1,0,0,0,0
4,64,0,1,0,1,60,,,,,,,1,70,34,1,blake_04,342,40,1,0,60,0,0,,0,0,0,0,0,0,0,,0,0,0,0,0,0,1,0,0,0,0
5,1,0,1,0,1,60,,,,,,,1,53,16,1,blake_04,180,40,1,0,60,0,0,,0,0,0,0,0,0,0,,0,0,0,0,0,0,1,0,0,0,0
5,2,0,1,0,1,60,,,,,,,1,43,33,1,blake_01,18,40,1,0,60,0,0,,0,0,0,0,0,0,0,,0,0,0,0,0,0,1,0,0,0,0
5,3,0,1,0,1,60,,,,,,,1,98,0,1,blake_07,0,40,1,0,60,0,0,,0,0,0,0,0,0,0,,0,0,0,0,0,0,1,0,0,0,0
5,4,0,1,0,1,60,,,,,,,1,58,92,1,blake_06,234,40,1,0,60,0,0,,0,0,0,0,0,0,0,,0,0,0,0,0,0,1,0,0,0,0
5,5,0,1,0,1,60,,,,,,,1,92,1,1,blake_08,288,40,1,0,60,0,0,,0,0,0,0,0,0,0,,0,0,0,0,0,0,1,0,0,0,0
5,6,0,1,0,1,60,,,,,,,1,78,63,1,blake_11,270,40,1,0,60,0,0,,0,0,0,0,0,0,0,,0,0,0,0,0,0,1,0,0,0,0
5,7,0,1,0,1,60,,,,,,,1,65,19,1,blake_06,0,40,1,0,60,0,0,,0,0,0,0,0,0,0,,0,0,0,0,0,0,1,0,0,0,0
5,8,0,1,0,1,60,,,,,,,1,74,76,1,blake_04,72,40,1,0,60,0,0,,0,0,0,0,0,0,0,,0,0,0,0,0,0,1,0,0,0,0
5,9,0,1,0,1,60,,,,,,,1,73,20,1,blake_04,36,40,1,0,60,0,0,,0,0,0,0,0,0,0,,0,0,0,0,0,0,1,0,0,0,0
5,10,0,1,0,1,60,,,,,,,1,91,89,1,blake_08,342,40,1,0,60,0,0,,0,0,0,0,0,0,0,,0,0,0,0,0,0,1,0,0,0,0
5,11,0,1,0,1,60,,,,,,,1,52,66,1,blake_10,216,40,1,0,60,0,0,,0,0,0,0,0,0,0,,0,0,0,0,0,0,1,0,0,0,0
5,12,0,1,0,1,60,,,,,,,1,35,7,1,blake_04,216,40,1,0,60,0,0,,0,0,0,0,0,0,0,,0,0,0,0,0,0,1,0,0,0,0
5,13,0,1,0,1,60,,,,,,,1,65,50,1,blake_10,72,40,1,0,60,0,0,,0,0,0,0,0,0,0,,0,0,0,0,0,0,1,0,0,0,0
5,14,0,1,0,1,60,,,,,,,1,72,94,1,blake_10,252,40,1,0,60,0,0,,0,0,0,0,0,0,0,,0,0,0,0,0,0,1,0,0,0,0
5,15,0,1,0,1,60,,,,,,,1,21,25,1,blake_11,90,40,1,0,60,0,0,,0,0,0,0,0,0,0,,0,0,0,0,0,0,1,0,0,0,0
5,16,0,1,0,1,60,,,,,,,1,27,89,1,blake_11,36,40,1,0,60,0,0,,0,0,0,0,0,0,0,,0,0,0,0,0,0,1,0,0,0,0
5,17,0,1,0,1,60,,,,,,,1,78,19,1,blake_12,324,40,1,0,60,0,0,,0,0,0,0,0,0,0,,0,0,0,0,0,0,1,0,0,0,0
5,18,0,1,0,1,60,,,,,,,1,97,100,1,blake_04,54,40,1,0,60,0,0,,0,0,0,0,0,0,0,,0,0,0,0,0,0,1,0,0,0,0
5,19,0,1,0,1,60,,,,,,,1,85,6,1,blake_06,18,40,1,0,60,0,0,,0,0,0,0,0,0,0,,0,0,0,0,0,0,1,0,0,0,0
5,20,0,1,0,1,60,,,,,,,1,33,60,1,blake_11,234,40,1,0,60,0,0,,0,0,0,0,0,0,0,,0,0,0,0,0,0,1,0,0,0,0
5,21,0,1,0,1,60,,,,,,,1,81,10,1,blake_10,144,40,1,0,60,0,0,,0,0,0,0,0,0,0,,0,0,0,0,0,0,1,0,0,0,0
5,22,0,1,0,1,60,,,,,,,1,91,45,1,blake_12,270,40,1,0,60,0,0,,0,0,0,0,0,0,0,,0,0,0,0,0,0,1,0,0,0,0
5,23,0,1,0,1,60,,,,,,,1,57,42,1,blake_10,162,40,1,0,60,0,0,,0,0,0,0,0,0,0,,0,0,0,0,0,0,1,0,0,0,0
5,24,0,1,0,1,60,,,,,,,1,5,40,1,blake_07,126,40,1,0,60,0,0,,0,0,0,0,0,0,0,,0,0,0,0,0,0,1,0,0,0,0
5,25,0,1,0,1,60,,,,,,,1,69,44,1,blake_04,126,40,1,0,60,0,0,,0,0,0,0,0,0,0,,0,0,0,0,0,0,1,0,0,0,0
5,26,0,1,0,1,60,,,,,,,1,13,91,1,blake_01,18,40,1,0,60,0,0,,0,0,0,0,0,0,0,,0,0,0,0,0,0,1,0,0,0,0
5,27,0,1,0,1,60,,,,,,,1,72,57,1,blake_10,126,40,1,0,60,0,0,,0,0,0,0,0,0,0,,0,0,0,0,0,0,1,0,0,0,0
5,28,0,1,0,1,60,,,,,,,1,83,12,1,blake_01,36,40,1,0,60,0,0,,0,0,0,0,0,0,0,,0,0,0,0,0,0,1,0,0,0,0
5,29,0,1,0,1,60,,,,,,,1,42,39,1,blake_11,90,40,1,0,60,0,0,,0,0,0,0,0,0,0,,0,0,0,0,0,0,1,0,0,0,0
5,30,0,1,0,1,60,,,,,,,1,68,6,1,blake_07,90,40,1,0,60,0,0,,0,0,0,0,0,0,0,,0,0,0,0,0,0,1,0,0,0,0
5,31,0,1,0,1,60,,,,,,,1,93,92,1,blake_07,108,40,1,0,60,0,0,,0,0,0,0,0,0,0,,0,0,0,0,0,0,1,0,0,0,0
5,32,0,1,0,1,60,,,,,,,1,91,63,1,blake_06,90,40,1,0,60,0,0,,0,0,0,0,0,0,0,,0,0,0,0,0,0,1,0,0,0,0
5,33,0,1,0,1,60,,,,,,,1,22,72,1,blake_07,342,40,1,0,60,0,0,,0,0,0,0,0,0,0,,0,0,0,0,0,0,1,0,0,0,0
5,34,0,1,0,1,60,,,,,,,1,82,99,1,blake_10,342,40,1,0,60,0,0,,0,0,0,0,0,0,0,,0,0,0,0,0,0,1,0,0,0,0
5,35,0,1,0,1,60,,,,,,,1,42,78,1,blake_06,234,40,1,0,60,0,0,,0,0,0,0,0,0,0,,0,0,0,0,0,0,1,0,0,0,0
5,36,0,1,0,1,60,,,,,,,1,5,62,1,blake_01,234,40,1,0,60,0,0,,0,0,0,0,0,0,0,,0,0,0,0,0,0,1,0,0,0,0
5,37,0,1,0,1,60,,,,,,,1,18,85,1,blake_08,108,40,1,0,60,0,0,,0,0,0,0,0,0,0,,0,0,0,0,0,0,1,0,0,0,0
5,38,0,1,0,1,60,,,,,,,1,14,46,1,blake_01,54,40,1,0,60,0,0,,0,0,0,0,0,0,0,,0,0,0,0,0,0,1,0,0,0,0
5,39,0,1,0,1,60,,,,,,,1,43,75,1,blake_08,288,40,1,0,60,0,0,,0,0,0,0,0,0,0,,0,0,0,0,0,0,1,0,0,0,0
5,40,0,1,0,1,60,,,,,,,1,25,86,1,blake_04,126,40,1,0,60,0,0,,0,0,0,0,0,0,0,,0,0,0,0,0,0,1,0,0,0,0
5,41,0,1,0,1,60,,,,,,,1,67,91,1,blake_04,162,40,1,0,60,0,0,,0,0,0,0,0,0,0,,0,0,0,0,0,0,1,0,0,0,0
5,42,0,1,0,1,60,,,,,,,1,58,11,1,blake_08,72,40,1,0,60,0,0,,0,0,0,0,0,0,0,,0,0,0,0,0,0,1,0,0,0,0
5,43,0,1,0,1,60,,,,,,,1,32,36,1,blake_12,108,40,1,0,60,0,0,,0,0,0,0,0,0,0,,0,0,0,0,0,0,1,0,0,0,0
5,44,0,1,0,1,60,,,,,,,1,85,3,1,blake_11,306,40,1,0,60,0,0,,0,0,0,0,0,0,0,,0,0,0,0,0,0,1,0,0,0,0
5,45,0,1,0,1,60,,,,,,,1,62,91,1,blake_01,36,40,1,0,60,0,0,,0,0,0,0,0,0,0,,0,0,0,0,0,0,1,0,0,0,0
5,46,0,1,0,1,60,,,,,,,1,80,67,1,blake_01,54,40,1,0,60,0,0,,0,0,0,0,0,0,0,,0,0,0,0,0,0,1,0,0,0,0
5,47,0,1,0,1,60,,,,,,,1,67,71,1,blake_12,288,40,1,0,60,0,0,,0,0,0,0,0,0,0,,0,0,0,0,0,0,1,0,0,0,0
5,48,0,1,0,1,60,,,,,,,1,69,99,1,blake_08,18,40,1,0,60,0,0,,0,0,0,0,0,0,0,,0,0,0,0,0,0,1,0,0,0,0
5,49,0,1,0,1,60,,,,,,,1,24,89,1,blake_07,36,40,1,0,60,0,0,,0,0,0,0,0,0,0,,0,0,0,0,0,0,1,0,0,0,0
5,50,0,1,0,1,60,,,,,,,1,1,66,1,blake_01,0,40,1,0,60,0,0,,0,0,0,0,0,0,0,,0,0,0,0,0,0,1,0,0,0,0
5,51,0,1,0,1,60,,,,,,,1,86,21,1,blake_08,324,40,1,0,60,0,0,,0,0,0,0,0,0,0,,0,0,0,0,0,0,1,0,0,0,0
5,52,0,1,0,1,60,,,,,,,1,33,25,1,blake_07,36,40,1,0,60,0,0,,0,0,0,0,0,0,0,,0,0,0,0,0,0,1,0,0,0,0
5,53,0,1,0,1,60,,,,,,,1,38,18,1,blake_04,216,40,1,0,60,0,0,,0,0,0,0,0,0,0,,0,0,0,0,0,0,1,0,0,0,0
5,54,0,1,0,1,60,,,,,,,1,49,6,1,blake_04,180,40,1,0,60,0,0,,0,0,0,0,0,0,0,,0,0,0,0,0,0,1,0,0,0,0
5,55,0,1,0,1,60,,,,,,,1,85,77,1,blake_08,126,40,1,0,60,0,0,,0,0,0,0,0,0,0,,0,0,0,0,0,0,1,0,0,0,0
5,56,0,1,0,1,60,,,,,,,1,1,88,1,blake_04,306,40,1,0,60,0,0,,0,0,0,0,0,0,0,,0,0,0,0,0,0,1,0,0,0,0
5,57,0,1,0,1,60,,,,,,,1,87,92,1,blake_07,216,40,1,0,60,0,0,,0,0,0,0,0,0,0,,0,0,0,0,0,0,1,0,0,0,0
5,58,0,1,0,1,60,,,,,,,1,95,63,1,blake_06,108,40,1,0,60,0,0,,0,0,0,0,0,0,0,,0,0,0,0,0,0,1,0,0,0,0
5,59,0,1,0,1,60,,,,,,,1,4,37,1,blake_12,342,40,1,0,60,0,0,,0,0,0,0,0,0,0,,0,0,0,0,0,0,1,0,0,0,0
5,60,0,1,0,1,60,,,,,,,1,88,19,1,blake_01,252,40,1,0,60,0,0,,0,0,0,0,0,0,0,,0,0,0,0,0,0,1,0,0,0,0
5,61,0,1,0,1,60,,,,,,,1,69,90,1,blake_10,18,40,1,0,60,0,0,,0,0,0,0,0,0,0,,0,0,0,0,0,0,1,0,0,0,0
5,62,0,1,0,1,60,,,,,,,1,0,54,1,blake_01,180,40,1,0,60,0,0,,0,0,0,0,0,0,0,,0,0,0,0,0,0,1,0,0,0,0
5,63,0,1,0,1,60,,,,,,,1,72,35,1,blake_10,36,40,1,0,60,0,0,,0,0,0,0,0,0,0,,0,0,0,0,0,0,1,0,0,0,0
5,64,0,1,0,1,60,,,,,,,1,75,25,1,blake_12,252,40,1,0,60,0,0,,0,0,0,0,0,0,0,,0,0,0,0,0,0,1,0,0,0,0
6,1,0,1,0,1,60,,,,,,,1,94,48,1,blake_11,108,40,1,0,60,0,0,,0,0,0,0,0,0,0,,0,0,0,0,0,0,1,0,0,0,0
6,2,0,1,0,1,60,,,,,,,1,8,14,1,blake_04,306,40,1,0,60,0,0,,0,0,0,0,0,0,0,,0,0,0,0,0,0,1,0,0,0,0
6,3,0,1,0,1,60,,,,,,,1,16,33,1,blake_07,216,40,1,0,60,0,0,,0,0,0,0,0,0,0,,0,0,0,0,0,0,1,0,0,0,0
6,4,0,1,0,1,60,,,,,,,1,96,24,1,blake_11,0,40,1,0,60,0,0,,0,0,0,0,0,0,0,,0,0,0,0,0,0,1,0,0,0,0
6,5,0,1,0,1,60,,,,,,,1,70,74,1,blake_11,126,40,1,0,60,0,0,,0,0,0,0,0,0,0,,0,0,0,0,0,0,1,0,0,0,0
6,6,0,1,0,1,60,,,,,,,1,33,51,1,blake_06,216,40,1,0,60,0,0,,0,0,0,0,0,0,0,,0,0,0,0,0,0,1,0,0,0,0
6,7,0,1,0,1,60,,,,,,,1,33,21,1,blake_08,324,40,1,0,60,0,0,,0,0,0,0,0,0,0,,0,0,0,0,0,0,1,0,0,0,0
6,8,0,1,0,1,60,,,,,,,1,67,69,1,blake_01,306,40,1,0,60,0,0,,0,0,0,0,0,0,0,,0,0,0,0,0,0,1,0,0,0,0
6,9,0,1,0,1,60,,,,,,,1,59,49,1,blake_06,180,40,1,0,60,0,0,,0,0,0,0,0,0,0,,0,0,0,0,0,0,1,0,0,0,0
6,10,0,1,0,1,60,,,,,,,1,41,36,1,blake_07,252,40,1,0,60,0,0,,0,0,0,0,0,0,0,,0,0,0,0,0,0,1,0,0,0,0
6,11,0,1,0,1,60,,,,,,,1,99,74,1,blake_06,306,40,1,0,60,0,0,,0,0,0,0,0,0,0,,0,0,0,0,0,0,1,0,0,0,0
6,12,0,1,0,1,60,,,,,,,1,45,96,1,blake_11,108,40,1,0,60,0,0,,0,0,0,0,0,0,0,,0,0,0,0,0,0,1,0,0,0,0
6,13,0,1,0,1,60,,,,,,,1,96,47,1,blake_06,126,40,1,0,60,0,0,,0,0,0,0,0,0,0,,0,0,0,0,0,0,1,0,0,0,0
6,14,0,1,0,1,60,,,,,,,1,93,31,1,blake_11,54,40,1,0,60,0,0,,0,0,0,0,0,0,0,,0,0,0,0,0,0,1,0,0,0,0
6,15,0,1,0,1,60,,,,,,,1,43,34,1,blake_12,72,40,1,0,60,0,0,,0,0,0,0,0,0,0,,0,0,0,0,0,0,1,0,0,0,0
6,16,0,1,0,1,60,,,,,,,1,76,33,1,blake_10,126,40,1,0,60,0,0,,0,0,0,0,0,0,0,,0,0,0,0,0,0,1,0,0,0,0
6,17,0,1,0,1,60,,,,,,,1,84,20,1,blake_07,198,40,1,0,60,0,0,,0,0,0,0,0,0,0,,0,0,0,0,0,0,1,0,0,0,0
6,18,0,1,0,1,60,,,,,,,1,90,58,1,blake_08,306,40,1,0,60,0,0,,0,0,0,0,0,0,0,,0,0,0,0,0,0,1,0,0,0,0
6,19,0,1,0,1,60,,,,,,,1,65,57,1,blake_11,288,40,1,0,60,0,0,,0,0,0,0,0,0,0,,0,0,0,0,0,0,1,0,0,0,0
6,20,0,1,0,1,60,,,,,,,1,3,25,1,blake_07,18,40,1,0,60,0,0,,0,0,0,0,0,0,0,,0,0,0,0,0,0,1,0,0,0,0
6,21,0,1,0,1,60,,,,,,,1,26,75,1,blake_11,18,40,1,0,60,0,0,,0,0,0,0,0,0,0,,0,0,0,0,0,0,1,0,0,0,0
6,22,0,1,0,1,60,,,,,,,1,40,37,1,blake_06,306,40,1,0,60,0,0,,0,0,0,0,0,0,0,,0,0,0,0,0,0,1,0,0,0,0
6,23,0,1,0,1,60,,,,,,,1,40,5,1,blake_01,108,40,1,0,60,0,0,,0,0,0,0,0,0,0,,0,0,0,0,0,0,1,0,0,0,0
6,24,0,1,0,1,60,,,,,,,1,41,83,1,blake_04,198,40,1,0,60,0,0,,0,0,0,0,0,0,0,,0,0,0,0,0,0,1,0,0,0,0
6,25,0,1,0,1,60,,,,,,,1,53,66,1,blake_01,72,40,1,0,60,0,0,,0,0,0,0,0,0,0,,0,0,0,0,0,0,1,0,0,0,0
6,26,0,1,0,1,60,,,,,,,1,94,17,1,blake_08,252,40,1,0,60,0,0,,0,0,0,0,0,0,0,,0,0,0,0,0,0,1,0,0,0,0
6,27,0,1,0,1,60,,,,,,,1,46,97,1,blake_11,144,40,1,0,60,0,0,,0,0,0,0,0,0,0,,0,0,0,0,0,0,1,0,0,0,0
6,28,0,1,0,1,60,,,,,,,1,87,83,1,blake_06,144,40,1,0,60,0,0,,0,0,0,0,0,0,0,,0,0,0,0,0,0,1,0,0,0,0
6,29,0,1,0,1,60,,,,,,,1,39,16,1,blake_10,270,40,1,0,60,0,0,,0,0,0,0,0,0,0,,0,0,0,0,0,0,1,0,0,0,0
6,30,0,1,0,1,60,,,,,,,1,18,1,1,blake_10,162,40,1,0,60,0,0,,0,0,0,0,0,0,0,,0,0,0,0,0,0,1,0,0,0,0
6,31,0,1,0,1,60,,,,,,,1,71,78,1,blake_11,342,40,1,0,60,0,0,,0,0,0,0,0,0,0,,0,0,0,0,0,0,1,0,0,0,0
6,32,0,1,0,1,60,,,,,,,1,97,15,1,blake_12,126,40,1,0,60,0,0,,0,0,0,0,0,0,0,,0,0,0,0,0,0,1,0,0,0,0
6,33,0,1,0,1,60,,,,,,,1,63,4,1,blake_06,270,40,1,0,60,0,0,,0,0,0,0,0,0,0,,0,0,0,0,0,0,1,0,0,0,0
6,34,0,1,0,1,60,,,,,,,1,58,61,1,blake_06,144,40,1,0,60,0,0,,0,0,0,0,0,0,0,,0,0,0,0,0,0,1,0,0,0,0
6,35,0,1,0,1,60,,,,,,,1,82,44,1,blake_10,0,40,1,0,60,0,0,,0,0,0,0,0,0,0,,0,0,0,0,0,0,1,0,0,0,0
6,36,0,1,0,1,60,,,,,,,1,15,51,1,blake_04,234,40,1,0,60,0,0,,0,0,0,0,0,0,0,,0,0,0,0,0,0,1,0,0,0,0
6,37,0,1,0,1,60,,,,,,,1,34,5,1,blake_11,54,40,1,0,60,0,0,,0,0,0,0,0,0,0,,0,0,0,0,0,0,1,0,0,0,0
6,38,0,1,0,1,60,,,,,,,1,82,95,1,blake_08,54,40,1,0,60,0,0,,0,0,0,0,0,0,0,,0,0,0,0,0,0,1,0,0,0,0
6,39,0,1,0,1,60,,,,,,,1,11,30,1,blake_10,234,40,1,0,60,0,0,,0,0,0,0,0,0,0,,0,0,0,0,0,0,1,0,0,0,0
6,40,0,1,0,1,60,,,,,,,1,47,27,1,blake_12,144,40,1,0,60,0,0,,0,0,0,0,0,0,0,,0,0,0,0,0,0,1,0,0,0,0
6,41,0,1,0,1,60,,,,,,,1,22,87,1,blake_12,36,40,1,0,60,0,0,,0,0,0,0,0,0,0,,0,0,0,0,0,0,1,0,0,0,0
6,42,0,1,0,1,60,,,,,,,1,19,42,1,blake_11,36,40,1,0,60,0,0,,0,0,0,0,0,0,0,,0,0,0,0,0,0,1,0,0,0,0
6,43,0,1,0,1,60,,,,,,,1,22,57,1,blake_08,306,40,1,0,60,0,0,,0,0,0,0,0,0,0,,0,0,0,0,0,0,1,0,0,0,0
6,44,0,1,0,1,60,,,,,,,1,41,38,1,blake_04,72,40,1,0,60,0,0,,0,0,0,0,0,0,0,,0,0,0,0,0,0,1,0,0,0,0
6,45,0,1,0,1,60,,,,,,,1,75,96,1,blake_01,18,40,1,0,60,0,0,,0,0,0,0,0,0,0,,0,0,0,0,0,0,1,0,0,0,0
6,46,0,1,0,1,60,,,,,,,1,50,56,1,blake_12,90,40,1,0,60,0,0,,0,0,0,0,0,0,0,,0,0,0,0,0,0,1,0,0,0,0
6,47,0,1,0,1,60,,,,,,,1,37,79,1,blake_08,306,40,1,0,60,0,0,,0,0,0,0,0,0,0,,0,0,0,0,0,0,1,0,0,0,0
6,48,0,1,0,1,60,,,,,,,1,46,85,1,blake_06,342,40,1,0,60,0,0,,0,0,0,0,0,0,0,,0,0,0,0,0,0,1,0,0,0,0
6,49,0,1,0,1,60,,,,,,,1,82,47,1,blake_11,234,40,1,0,60,0,0,,0,0,0,0,0,0,0,,0,0,0,0,0,0,1,0,0,0,0
6,50,0,1,0,1,60,,,,,,,1,54,56,1,blake_07,0,40,1,0,60,0,0,,0,0,0,0,0,0,0,,0,0,0,0,0,0,1,0,0,0,0
6,51,0,1,0,1,60,,,,,,,1,20,15,1,blake_10,72,40,1,0,60,0,0,,0,0,0,0,0,0,0,,0,0,0,0,0,0,1,0,0,0,0
6,52,0,1,0,1,60,,,,,,,1,88,45,1,blake_01,36,40,1,0,60,0,0,,0,0,0,0,0,0,0,,0,0,0,0,0,0,1,0,0,0,0
6,53,0,1,0,1,60,,,,,,,1,70,4,1,blake_10,270,40,1,0,60,0,0,,0,0,0,0,0,0,0,,0,0,0,0,0,0,1,0,0,0,0
6,54,0,1,0,1,60,,,,,,,1,22,41,1,blake_12,18,40,1,0,60,0,0,,0,0,0,0,0,0,0,,0,0,0,0,0,0,1,0,0,0,0
6,55,0,1,0,1,60,,,,,,,1,96,37,1,blake_10,162,40,1,0,60,0,0,,0,0,0,0,0,0,0,,0,0,0,0,0,0,1,0,0,0,0
6,56,0,1,0,1,60,,,,,,,1,57,4,1,blake_08,126,40,1,0,60,0,0,,0,0,0,0,0,0,0,,0,0,0,0,0,0,1,0,0,0,0
6,57,0,1,0,1,60,,,,,,,1,26,38,1,blake_11,108,40,1,0,60,0,0,,0,0,0,0,0,0,0,,0,0,0,0,0,0,1,0,0,0,0
6,58,0,1,0,1,60,,,,,,,1,65,83,1,blake_12,108,40,1,0,60,0,0,,0,0,0,0,0,0,0,,0,0,0,0,0,0,1,0,0,0,0
6,59,0,1,0,1,60,,,,,,,1,47,3,1,blake_11,0,40,1,0,60,0,0,,0,0,0,0,0,0,0,,0,0,0,0,0,0,1,0,0,0,0
6,60,0,1,0,1,60,,,,,,,1,42,94,1,blake_04,72,40,1,0,60,0,0,,0,0,0,0,0,0,0,,0,0,0,0,0,0,1,0,0,0,0
6,61,0,1,0,1,60,,,,,,,1,40,80,1,blake_04,108,40,1,0,60,0,0,,0,0,0,0,0,0,0,,0,0,0,0,0,0,1,0,0,0,0
6,62,0,1,0,1,60,,,,,,,1,18,41,1,blake_01,144,40,1,0,60,0,0,,0,0,0,0,0,0,0,,0,0,0,0,0,0,1,0,0,0,0
6,63,0,1,0,1,60,,,,,,,1,79,18,1,blake_08,90,40,1,0,60,0,0,,0,0,0,0,0,0,0,,0,0,0,0,0,0,1,0,0,0,0
6,64,0,1,0,1,60,,,,,,,1,51,85,1,blake_04,324,40,1,0,60,0,0,,0,0,0,0,0,0,0,,0,0,0,0,0,0,1,0,0,0,0
7,1,0,1,0,1,60,,,,,,,1,73,2,1,blake_04,234,40,1,0,60,0,0,,0,0,0,0,0,0,0,,0,0,0,0,0,0,1,0,0,0,0
7,2,0,1,0,1,60,,,,,,,1,20,84,1,blake_10,126,40,1,0,60,0,0,,0,0,0,0,0,0,0,,0,0,0,0,0,0,1,0,0,0,0
7,3,0,1,0,1,60,,,,,,,1,94,95,1,blake_04,288,40,1,0,60,0,0,,0,0,0,0,0,0,0,,0,0,0,0,0,0,1,0,0,0,0
7,4,0,1,0,1,60,,,,,,,1,38,11,1,blake_07,54,40,1,0,60,0,0,,0,0,0,0,0,0,0,,0,0,0,0,0,0,1,0,0,0,0
7,5,0,1,0,1,60,,,,,,,1,94,91,1,blake_10,306,40,1,0,60,0,0,,0,0,0,0,0,0,0,,0,0,0,0,0,0,1,0,0,0,0
7,6,0,1,0,1,60,,,,,,,1,80,64,1,blake_07,36,40,1,0,60,0,0,,0,0,0,0,0,0,0,,0,0,0,0,0,0,1,0,0,0,0
7,7,0,1,0,1,60,,,,,,,1,85,16,1,blake_11,180,40,1,0,60,0,0,,0,0,0,0,0,0,0,,0,0,0,0,0,0,1,0,0,0,0
7,8,0,1,0,1,60,,,,,,,1,61,12,1,blake_06,90,40,1,0,60,0,0,,0,0,0,0,0,0,0,,0,0,0,0,0,0,1,0,0,0,0
7,9,0,1,0,1,60,,,,,,,1,94,64,1,blake_12,0,40,1,0,60,0,0,,0,0,0,0,0,0,0,,0,0,0,0,0,0,1,0,0,0,0
7,10,0,1,0,1,60,,,,,,,1,72,54,1,blake_10,234,40,1,0,60,0,0,,0,0,0,0,0,0,0,,0,0,0,0,0,0,1,0,0,0,0
7,11,0,1,0,1,60,,,,,,,1,35,27,1,blake_04,36,40,1,0,60,0,0,,0,0,0,0,0,0,0,,0,0,0,0,0,0,1,0,0,0,0
7,12,0,1,0,1,60,,,,,,,1,24,39,1,blake_07,72,40,1,0,60,0,0,,0,0,0,0,0,0,0,,0,0,0,0,0,0,1,0,0,0,0
7,13,0,1,0,1,60,,,,,,,1,12,64,1,blake_07,324,40,1,0,60,0,0,,0,0,0,0,0,0,0,,0,0,0,0,0,0,1,0,0,0,0
7,14,0,1,0,1,60,,,,,,,1,67,95,1,blake_04,0,40,1,0,60,0,0,,0,0,0,0,0,0,0,,0,0,0,0,0,0,1,0,0,0,0
7,15,0,1,0,1,60,,,,,,,1,49,93,1,blake_07,198,40,1,0,60,0,0,,0,0,0,0,0,0,0,,0,0,0,0,0,0,1,0,0,0,0
7,16,0,1,0,1,60,,,,,,,1,66,90,1,blake_01,144,40,1,0,60,0,0,,0,0,0,0,0,0,0,,0,0,0,0,0,0,1,0,0,0,0
7,17,0,1,0,1,60,,,,,,,1,22,59,1,blake_06,0,40,1,0,60,0,0,,0,0,0,0,0,0,0,,0,0,0,0,0,0,1,0,0,0,0
7,18,0,1,0,1,60,,,,,,,1,97,14,1,blake_12,342,40,1,0,60,0,0,,0,0,0,0,0,0,0,,0,0,0,0,0,0,1,0,0,0,0
7,19,0,1,0,1,60,,,,,,,1,65,64,1,blake_04,342,40,1,0,60,0,0,,0,0,0,0,0,0,0,,0,0,0,0,0,0,1,0,0,0,0
7,20,0,1,0,1,60,,,,,,,1,64,46,1,blake_10,54,40,1,0,60,0,0,,0,0,0,0,0,0,0,,0,0,0,0,0,0,1,0,0,0,0
7,21,0,1,0,1,60,,,,,,,1,95,31,1,blake_12,180,40,1,0,60,0,0,,0,0,0,0,0,0,0,,0,0,0,0,0,0,1,0,0,0,0
7,22,0,1,0,1,60,,,,,,,1,58,35,1,blake_01,198,40,1,0,60,0,0,,0,0,0,0,0,0,0,,0,0,0,0,0,0,1,0,0,0,0
7,23,0,1,0,1,60,,,,,,,1,76,95,1,blake_08,36,40,1,0,60,0,0,,0,0,0,0,0,0,0,,0,0,0,0,0,0,1,0,0,0,0
7,24,0,1,0,1,60,,,,,,,1,77,69,1,blake_07,126,40,1,0,60,0,0,,0,0,0,0,0,0,0,,0,0,0,0,0,0,1,0,0,0,0
7,25,0,1,0,1,60,,,,,,,1,3,35,1,blake_01,0,40,1,0,60,0,0,,0,0,0,0,0,0,0,,0,0,0,0,0,0,1,0,0,0,0
7,26,0,1,0,1,60,,,,,,,1,44,37,1,blake_11,0,40,1,0,60,0,0,,0,0,0,0,0,0,0,,0,0,0,0,0,0,1,0,0,0,0
7,27,0,1,0,1,60,,,,,,,1,13,37,1,blake_04,126,40,1,0,60,0,0,,0,0,0,0,0,0,0,,0,0,0,0,0,0,1,0,0,0,0
7,28,0,1,0,1,60,,,,,,,1,39,49,1,blake_11,306,40,1,0,60,0,0,,0,0,0,0,0,0,0,,0,0,0,0,0,0,1,0,0,0,0
7,29,0,1,0,1,60,,,,,,,1,92,86,1,blake_11,72,40,1,0,60,0,0,,0,0,0,0,0,0,0,,0,0,0,0,0,0,1,0,0,0,0
7,30,0,1,0,1,60,,,,,,,1,15,3,1,blake_01,90,40,1,0,60,0,0,,0,0,0,0,0,0,0,,0,0,0,0,0,0,1,0,0,0,0
7,31,0,1,0,1,60,,,,,,,1,54,11,1,blake_08,108,40,1,0,60,0,0,,0,0,0,0,0,0,0,,0,0,0,0,0,0,1,0,0,0,0
7,32,0,1,0,1,60,,,,,,,1,5,23,1,blake_06,252,40,1,0,60,0,0,,0,0,0,0,0,0,0,,0,0,0,0,0,0,1,0,0,0,0
7,33,0,1,0,1,60,,,,,,,1,61,76,1,blake_11,252,40,1,0,60,0,0,,0,0,0,0,0,0,0,,0,0,0,0,0,0,1,0,0,0,0
7,34,0,1,0,1,60,,,,,,,1,86,68,1,blake_04,234,40,1,0,60,0,0,,0,0,0,0,0,0,0,,0,0,0,0,0,0,1,0,0,0,0
7,35,0,1,0,1,60,,,,,,,1,8,32,1,blake_11,90,40,1,0,60,0,0,,0,0,0,0,0,0,0,,0,0,0,0,0,0,1,0,0,0,0
7,36,0,1,0,1,60,,,,,,,1,52,85,1,blake_07,36,40,1,0,60,0,0,,0,0,0,0,0,0,0,,0,0,0,0,0,0,1,0,0,0,0
7,37,0,1,0,1,60,,,,,,,1,63,53,1,blake_01,252,40,1,0,60,0,0,,0,0,0,0,0,0,0,,0,0,0,0,0,0,1,0,0,0,0
7,38,0,1,0,1,60,,,,,,,1,24,38,1,blake_07,342,40,1,0,60,0,0,,0,0,0,0,0,0,0,,0,0,0,0,0,0,1,0,0,0,0
7,39,0,1,0,1,60,,,,,,,1,57,61,1,blake_10,324,40,1,0,60,0,0,,0,0,0,0,0,0,0,,0,0,0,0,0,0,1,0,0,0,0
7,40,0,1,0,1,60,,,,,,,1,58,79,1,blake_06,18,40,1,0,60,0,0,,0,0,0,0,0,0,0,,0,0,0,0,0,0,1,0,0,0,0
7,41,0,1,0,1,60,,,,,,,1,95,47,1,blake_11,342,40,1,0,60,0,0,,0,0,0,0,0,0,0,,0,0,0,0,0,0,1,0,0,0,0
7,42,0,1,0,1,60,,,,,,,1,83,43,1,blake_08,216,40,1,0,60,0,0,,0,0,0,0,0,0,0,,0,0,0,0,0,0,1,0,0,0,0
7,43,0,1,0,1,60,,,,,,,1,76,17,1,blake_07,126,40,1,0,60,0,0,,0,0,0,0,0,0,0,,0,0,0,0,0,0,1,0,0,0,0
7,44,0,1,0,1,60,,,,,,,1,38,98,1,blake_11,54,40,1,0,60,0,0,,0,0,0,0,0,0,0,,0,0,0,0,0,0,1,0,0,0,0
7,45,0,1,0,1,60,,,,,,,1,56,56,1,blake_01,90,40,1,0,60,0,0,,0,0,0,0,0,0,0,,0,0,0,0,0,0,1,0,0,0,0
7,46,0,1,0,1,60,,,,,,,1,97,53,1,blake_01,234,40,1,0,60,0,0,,0,0,0,0,0,0,0,,0,0,0,0,0,0,1,0,0,0,0
7,47,0,1,0,1,60,,,,,,,1,99,45,1,blake_10,288,40,1,0,60,0,0,,0,0,0,0,0,0,0,,0,0,0,0,0,0,1,0,0,0,0
7,48,0,1,0,1,60,,,,,,,1,22,14,1,blake_11,126,40,1,0,60,0,0,,0,0,0,0,0,0,0,,0,0,0,0,0,0,1,0,0,0,0
7,49,0,1,0,1,60,,,,,,,1,49,27,1,blake_08,198,40,1,0,60,0,0,,0,0,0,0,0,0,0,,0,0,0,0,0,0,1,0,0,0,0
7,50,0,1,0,1,60,,,,,,,1,46,33,1,blake_01,90,40,1,0,60,0,0,,0,0,0,0,0,0,0,,0,0,0,0,0,0,1,0,0,0,0
7,51,0,1,0,1,60,,,,,,,1,3,21,1,blake_01,180,40,1,0,60,0,0,,0,0,0,0,0,0,0,,0,0,0,0,0,0,1,0,0,0,0
7,52,0,1,0,1,60,,,,,,,1,52,42,1,blake_11,162,40,1,0,60,0,0,,0,0,0,0,0,0,0,,0,0,0,0,0,0,1,0,0,0,0
7,53,0,1,0,1,60,,,,,,,1,59,50,1,blake_01,54,40,1,0,60,0,0,,0,0,0,0,0,0,0,,0,0,0,0,0,0,1,0,0,0,0
7,54,0,1,0,1,60,,,,,,,1,22,7,1,blake_12,144,40,1,0,60,0,0,,0,0,0,0,0,0,0,,0,0,0,0,0,0,1,0,0,0,0
7,55,0,1,0,1,60,,,,,,,1,25,68,1,blake_08,180,40,1,0,60,0,0,,0,0,0,0,0,0,0,,0,0,0,0,0,0,1,0,0,0,0
7,56,0,1,0,1,60,,,,,,,1,96,5,1,blake_04,162,40,1,0,60,0,0,,0,0,0,0,0,0,0,,0,0,0,0,0,0,1,0,0,0,0
7,57,0,1,0,1,60,,,,,,,1,64,67,1,blake_06,36,40,1,0,60,0,0,,0,0,0,0,0,0,0,,0,0,0,0,0,0,1,0,0,0,0
7,58,0,1,0,1,60,,,,,,,1,52,60,1,blake_06,216,40,1,0,60,0,0,,0,0,0,0,0,0,0,,0,0,0,0,0,0,1,0,0,0,0
7,59,0,1,0,1,60,,,,,,,1,73,80,1,blake_01,90,40,1,0,60,0,0,,0,0,0,0,0,0,0,,0,0,0,0,0,0,1,0,0,0,0
7,60,0,1,0,1,60,,,,,,,1,76,67,1,blake_10,288,40,1,0,60,0,0,,0,0,0,0,0,0,0,,0,0,0,0,0,0,1,0,0,0,0
7,61,0,1,0,1,60,,,,,,,1,69,15,1,blake_11,144,40,1,0,60,0,0,,0,0,0,0,0,0,0,,0,0,0,0,0,0,1,0,0,0,0
7,62,0,1,0,1,60,,,,,,,1,0,66,1,blake_12,198,40,1,0,60,0,0,,0,0,0,0,0,0,0,,0,0,0,0,0,0,1,0,0,0,0
7,63,0,1,0,1,60,,,,,,,1,54,83,1,blake_04,36,40,1,0,60,0,0,,0,0,0,0,0,0,0,,0,0,0,0,0,0,1,0,0,0,0
7,64,0,1,0,1,60,,,,,,,1,94,83,1,blake_10,252,40,1,0,60,0,0,,0,0,0,0,0,0,0,,0,0,0,0,0,0,1,0,0,0,0
8,1,0,1,0,1,60,,,,,,,1,37,6,1,blake_10,270,40,1,0,60,0,0,,0,0,0,0,0,0,0,,0,0,0,0,0,0,1,0,0,0,0
8,2,0,1,0,1,60,,,,,,,1,36,68,1,blake_07,0,40,1,0,60,0,0,,0,0,0,0,0,0,0,,0,0,0,0,0,0,1,0,0,0,0
8,3,0,1,0,1,60,,,,,,,1,62,57,1,blake_08,18,40,1,0,60,0,0,,0,0,0,0,0,0,0,,0,0,0,0,0,0,1,0,0,0,0
8,4,0,1,0,1,60,,,,,,,1,10,59,1,blake_12,162,40,1,0,60,0,0,,0,0,0,0,0,0,0,,0,0,0,0,0,0,1,0,0,0,0
8,5,0,1,0,1,60,,,,,,,1,24,92,1,blake_04,198,40,1,0,60,0,0,,0,0,0,0,0,0,0,,0,0,0,0,0,0,1,0,0,0,0
8,6,0,1,0,1,60,,,,,,,1,58,29,1,blake_08,198,40,1,0,60,0,0,,0,0,0,0,0,0,0,,0,0,0,0,0,0,1,0,0,0,0
8,7,0,1,0,1,60,,,,,,,1,16,16,1,blake_08,144,40,1,0,60,0,0,,0,0,0,0,0,0,0,,0,0,0,0,0,0,1,0,0,0,0
8,8,0,1,0,1,60,,,,,,,1,63,35,1,blake_08,180,40,1,0,60,0,0,,0,0,0,0,0,0,0,,0,0,0,0,0,0,1,0,0,0,0
8,9,0,1,0,1,60,,,,,,,1,86,9,1,blake_08,180,40,1,0,60,0,0,,0,0,0,0,0,0,0,,0,0,0,0,0,0,1,0,0,0,0
8,10,0,1,0,1,60,,,,,,,1,49,68,1,blake_04,18,40,1,0,60,0,0,,0,0,0,0,0,0,0,,0,0,0,0,0,0,1,0,0,0,0
8,11,0,1,0,1,60,,,,,,,1,13,65,1,blake_04,144,40,1,0,60,0,0,,0,0,0,0,0,0,0,,0,0,0,0,0,0,1,0,0,0,0
8,12,0,1,0,1,60,,,,,,,1,57,29,1,blake_06,180,40,1,0,60,0,0,,0,0,0,0,0,0,0,,0,0,0,0,0,0,1,0,0,0,0
8,13,0,1,0,1,60,,,,,,,1,13,58,1,blake_01,324,40,1,0,60,0,0,,0,0,0,0,0,0,0,,0,0,0,0,0,0,1,0,0,0,0
8,14,0,1,0,1,60,,,,,,,1,77,89,1,blake_12,306,40,1,0,60,0,0,,0,0,0,0,0,0,0,,0,0,0,0,0,0,1,0,0,0,0
8,15,0,1,0,1,60,,,,,,,1,10,59,1,blake_08,0,40,1,0,60,0,0,,0,0,0,0,0,0,0,,0,0,0,0,0,0,1,0,0,0,0
8,16,0,1,0,1,60,,,,,,,1,36,85,1,blake_01,252,40,1,0,60,0,0,,0,0,0,0,0,0,0,,0,0,0,0,0,0,1,0,0,0,0
8,17,0,1,0,1,60,,,,,,,1,17,49,1,blake_08,252,40,1,0,60,0,0,,0,0,0,0,0,0,0,,0,0,0,0,0,0,1,0,0,0,0
8,18,0,1,0,1,60,,,,,,,1,37,55,1,blake_10,342,40,1,0,60,0,0,,0,0,0,0,0,0,0,,0,0,0,0,0,0,1,0,0,0,0
8,19,0,1,0,1,60,,,,,,,1,48,35,1,blake_08,0,40,1,0,60,0,0,,0,0,0,0,0,0,0,,0,0,0,0,0,0,1,0,0,0,0
8,20,0,1,0,1,60,,,,,,,1,43,22,1,blake_06,324,40,1,0,60,0,0,,0,0,0,0,0,0,0,,0,0,0,0,0,0,1,0,0,0,0
8,21,0,1,0,1,60,,,,,,,1,7,31,1,blake_01,108,40,1,0,60,0,0,,0,0,0,0,0,0,0,,0,0,0,0,0,0,1,0,0,0,0
8,22,0,1,0,1,60,,,,,,,1,89,77,1,blake_06,18,40,1,0,60,0,0,,0,0,0,0,0,0,0,,0,0,0,0,0,0,1,0,0,0,0
8,23,0,1,0,1,60,,,,,,,1,28,85,1,blake_10,216,40,1,0,60,0,0,,0,0,0,0,0,0,0,,0,0,0,0,0,0,1,0,0,0,0
8,24,0,1,0,1,60,,,,,,,1,72,75,1,blake_08,126,40,1,0,60,0,0,,0,0,0,0,0,0,0,,0,0,0,0,0,0,1,0,0,0,0
8,25,0,1,0,1,60,,,,,,,1,98,12,1,blake_12,306,40,1,0,60,0,0,,0,0,0,0,0,0,0,,0,0,0,0,0,0,1,0,0,0,0
8,26,0,1,0,1,60,,,,,,,1,11,39,1,blake_04,342,40,1,0,60,0,0,,0,0,0,0,0,0,0,,0,0,0,0,0,0,1,0,0,0,0
8,27,0,1,0,1,60,,,,,,,1,54,48,1,blake_08,36,40,1,0,60,0,0,,0,0,0,0,0,0,0,,0,0,0,0,0,0,1,0,0,0,0
8,28,0,1,0,1,60,,,,,,,1,94,83,1,blake_08,180,40,1,0,60,0,0,,0,0,0,0,0,0,0,,0,0,0,0,0,0,1,0,0,0,0
8,29,0,1,0,1,60,,,,,,,1,29,88,1,blake_04,18,40,1,0,60,0,0,,0,0,0,0,0,0,0,,0,0,0,0,0,0,1,0,0,0,0
8,30,0,1,0,1,60,,,,,,,1,34,73,1,blake_06,216,40,1,0,60,0,0,,0,0,0,0,0,0,0,,0,0,0,0,0,0,1,0,0,0,0
8,31,0,1,0,1,60,,,,,,,1,35,70,1,blake_06,198,40,1,0,60,0,0,,0,0,0,0,0,0,0,,0,0,0,0,0,0,1,0,0,0,0
8,32,0,1,0,1,60,,,,,,,1,91,60,1,blake_08,270,40,1,0,60,0,0,,0,0,0,0,0,0,0,,0,0,0,0,0,0,1,0,0,0,0
8,33,0,1,0,1,60,,,,,,,1,74,36,1,blake_12,144,40,1,0,60,0,0,,0,0,0,0,0,0,0,,0,0,0,0,0,0,1,0,0,0,0
8,34,0,1,0,1,60,,,,,,,1,57,58,1,blake_08,288,40,1,0,60,0,0,,0,0,0,0,0,0,0,,0,0,0,0,0,0,1,0,0,0,0
8,35,0,1,0,1,60,,,,,,,1,4,40,1,blake_07,108,40,1,0,60,0,0,,0,0,0,0,0,0,0,,0,0,0,0,0,0,1,0,0,0,0
8,36,0,1,0,1,60,,,,,,,1,72,10,1,blake_10,144,40,1,0,60,0,0,,0,0,0,0,0,0,0,,0,0,0,0,0,0,1,0,0,0,0
8,37,0,1,0,1,60,,,,,,,1,30,87,1,blake_10,198,40,1,0,60,0,0,,0,0,0,0,0,0,0,,0,0,0,0,0,0,1,0,0,0,0
8,38,0,1,0,1,60,,,,,,,1,53,56,1,blake_11,252,40,1,0,60,0,0,,0,0,0,0,0,0,0,,0,0,0,0,0,0,1,0,0,0,0
8,39,0,1,0,1,60,,,,,,,1,61,100,1,blake_06,144,40,1,0,60,0,0,,0,0,0,0,0,0,0,,0,0,0,0,0,0,1,0,0,0,0
8,40,0,1,0,1,60,,,,,,,1,89,45,1,blake_04,0,40,1,0,60,0,0,,0,0,0,0,0,0,0,,0,0,0,0,0,0,1,0,0,0,0
8,41,0,1,0,1,60,,,,,,,1,63,34,1,blake_04,180,40,1,0,60,0,0,,0,0,0,0,0,0,0,,0,0,0,0,0,0,1,0,0,0,0
8,42,0,1,0,1,60,,,,,,,1,80,30,1,blake_08,288,40,1,0,60,0,0,,0,0,0,0,0,0,0,,0,0,0,0,0,0,1,0,0,0,0
8,43,0,1,0,1,60,,,,,,,1,90,90,1,blake_10,90,40,1,0,60,0,0,,0,0,0,0,0,0,0,,0,0,0,0,0,0,1,0,0,0,0
8,44,0,1,0,1,60,,,,,,,1,71,95,1,blake_10,144,40,1,0,60,0,0,,0,0,0,0,0,0,0,,0,0,0,0,0,0,1,0,0,0,0
8,45,0,1,0,1,60,,,,,,,1,12,100,1,blake_08,144,40,1,0,60,0,0,,0,0,0,0,0,0,0,,0,0,0,0,0,0,1,0,0,0,0
8,46,0,1,0,1,60,,,,,,,1,15,92,1,blake_10,108,40,1,0,60,0,0,,0,0,0,0,0,0,0,,0,0,0,0,0,0,1,0,0,0,0
8,47,0,1,0,1,60,,,,,,,1,72,87,1,blake_01,324,40,1,0,60,0,0,,0,0,0,0,0,0,0,,0,0,0,0,0,0,1,0,0,0,0
8,48,0,1,0,1,60,,,,,,,1,12,7,1,blake_07,270,40,1,0,60,0,0,,0,0,0,0,0,0,0,,0,0,0,0,0,0,1,0,0,0,0
8,49,0,1,0,1,60,,,,,,,1,11,7,1,blake_07,270,40,1,0,60,0,0,,0,0,0,0,0,0,0,,0,0,0,0,0,0,1,0,0,0,0
8,50,0,1,0,1,60,,,,,,,1,40,72,1,blake_07,54,40,1,0,60,0,0,,0,0,0,0,0,0,0,,0,0,0,0,0,0,1,0,0,0,0
8,51,0,1,0,1,60,,,,,,,1,80,6,1,blake_01,72,40,1,0,60,0,0,,0,0,0,0,0,0,0,,0,0,0,0,0,0,1,0,0,0,0
8,52,0,1,0,1,60,,,,,,,1,16,92,1,blake_04,180,40,1,0,60,0,0,,0,0,0,0,0,0,0,,0,0,0,0,0,0,1,0,0,0,0
8,53,0,1,0,1,60,,,,,,,1,68,66,1,blake_12,18,40,1,0,60,0,0,,0,0,0,0,0,0,0,,0,0,0,0,0,0,1,0,0,0,0
8,54,0,1,0,1,60,,,,,,,1,61,97,1,blake_06,216,40,1,0,60,0,0,,0,0,0,0,0,0,0,,0,0,0,0,0,0,1,0,0,0,0
8,55,0,1,0,1,60,,,,,,,1,69,24,1,blake_07,234,40,1,0,60,0,0,,0,0,0,0,0,0,0,,0,0,0,0,0,0,1,0,0,0,0
8,56,0,1,0,1,60,,,,,,,1,97,5,1,blake_04,18,40,1,0,60,0,0,,0,0,0,0,0,0,0,,0,0,0,0,0,0,1,0,0,0,0
8,57,0,1,0,1,60,,,,,,,1,95,53,1,blake_07,180,40,1,0,60,0,0,,0,0,0,0,0,0,0,,0,0,0,0,0,0,1,0,0,0,0
8,58,0,1,0,1,60,,,,,,,1,90,21,1,blake_11,216,40,1,0,60,0,0,,0,0,0,0,0,0,0,,0,0,0,0,0,0,1,0,0,0,0
8,59,0,1,0,1,60,,,,,,,1,81,36,1,blake_04,54,40,1,0,60,0,0,,0,0,0,0,0,0,0,,0,0,0,0,0,0,1,0,0,0,0
8,60,0,1,0,1,60,,,,,,,1,98,11,1,blake_06,108,40,1,0,60,0,0,,0,0,0,0,0,0,0,,0,0,0,0,0,0,1,0,0,0,0
8,61,0,1,0,1,60,,,,,,,1,18,71,1,blake_11,324,40,1,0,60,0,0,,0,0,0,0,0,0,0,,0,0,0,0,0,0,1,0,0,0,0
8,62,0,1,0,1,60,,,,,,,1,91,66,1,blake_07,36,40,1,0,60,0,0,,0,0,0,0,0,0,0,,0,0,0,0,0,0,1,0,0,0,0
8,63,0,1,0,1,60,,,,,,,1,6,97,1,blake_01,216,40,1,0,60,0,0,,0,0,0,0,0,0,0,,0,0,0,0,0,0,1,0,0,0,0
8,64,0,1,0,1,60,,,,,,,1,15,59,1,blake_12,252,40,1,0,60,0,0,,0,0,0,0,0,0,0,,0,0,0,0,0,0,1,0,0,0,0
