1,1,0,1,0,1,60,,,,,,,1,44,22,1,solo5,252,40,1,0,60,0,0,,0,0,0,0,0,0,0,,0,0,0,0,0,0,1,0,0,0,0
1,2,0,1,0,1,60,,,,,,,1,1,44,1,solo5,234,40,1,0,60,0,0,,0,0,0,0,0,0,0,,0,0,0,0,0,0,1,0,0,0,0
1,3,0,1,0,1,60,,,,,,,1,33,79,1,solo3,198,40,1,0,60,0,0,,0,0,0,0,0,0,0,,0,0,0,0,0,0,1,0,0,0,0
1,4,0,1,0,1,60,,,,,,,1,31,88,1,solo7,252,40,1,0,60,0,0,,0,0,0,0,0,0,0,,0,0,0,0,0,0,1,0,0,0,0
1,5,0,1,0,1,60,,,,,,,1,50,49,1,solo7,144,40,1,0,60,0,0,,0,0,0,0,0,0,0,,0,0,0,0,0,0,1,0,0,0,0
1,6,0,1,0,1,60,,,,,,,1,90,36,1,solo11,54,40,1,0,60,0,0,,0,0,0,0,0,0,0,,0,0,0,0,0,0,1,0,0,0,0
1,7,0,1,0,1,60,,,,,,,1,48,78,1,solo9,288,40,1,0,60,0,0,,0,0,0,0,0,0,0,,0,0,0,0,0,0,1,0,0,0,0
1,8,0,1,0,1,60,,,,,,,1,99,87,1,solo3,108,40,1,0,60,0,0,,0,0,0,0,0,0,0,,0,0,0,0,0,0,1,0,0,0,0
2,1,0,1,0,1,60,,,,,,,1,58,28,1,solo11,144,40,1,0,60,0,0,,0,0,0,0,0,0,0,,0,0,0,0,0,0,1,0,0,0,0
2,2,0,1,0,1,60,,,,,,,1,47,100,1,solo12,144,40,1,0,60,0,0,,0,0,0,0,0,0,0,,0,0,0,0,0,0,1,0,0,0,0
2,3,0,1,0,1,60,,,,,,,1,51,39,1,solo6,108,40,1,0,60,0,0,,0,0,0,0,0,0,0,,0,0,0,0,0,0,1,0,0,0,0
2,4,0,1,0,1,60,,,,,,,1,22,89,1,solo11,108,40,1,0,60,0,0,,0,0,0,0,0,0,0,,0,0,0,0,0,0,1,0,0,0,0
2,5,0,1,0,1,60,,,,,,,1,53,53,1,solo5,108,40,1,0,60,0,0,,0,0,0,0,0,0,0,,0,0,0,0,0,0,1,0,0,0,0
2,6,0,1,0,1,60,,,,,,,1,69,77,1,solo7,108,40,1,0,60,0,0,,0,0,0,0,0,0,0,,0,0,0,0,0,0,1,0,0,0,0
2,7,0,1,0,1,60,,,,,,,1,23,79,1,solo12,252,40,1,0,60,0,0,,0,0,0,0,0,0,0,,0,0,0,0,0,0,1,0,0,0,0
2,8,0,1,0,1,60,,,,,,,1,36,72,1,solo6,54,40,1,0,60,0,0,,0,0,0,0,0,0,0,,0,0,0,0,0,0,1,0,0,0,0
3,1,0,1,0,1,60,,,,,,,1,81,11,1,solo7,306,40,1,0,60,0,0,,0,0,0,0,0,0,0,,0,0,0,0,0,0,1,0,0,0,0
3,2,0,1,0,1,60,,,,,,,1,39,74,1,solo10,324,40,1,0,60,0,0,,0,0,0,0,0,0,0,,0,0,0,0,0,0,1,0,0,0,0
3,3,0,1,0,1,60,,,,,,,1,32,80,1,solo12,72,40,1,0,60,0,0,,0,0,0,0,0,0,0,,0,0,0,0,0,0,1,0,0,0,0
3,4,0,1,0,1,60,,,,,,,1,31,80,1,solo7,324,40,1,0,60,0,0,,0,0,0,0,0,0,0,,0,0,0,0,0,0,1,0,0,0,0
3,5,0,1,0,1,60,,,,,,,1,95,4,1,solo9,72,40,1,0,60,0,0,,0,0,0,0,0,0,0,,0,0,0,0,0,0,1,0,0,0,0
3,6,0,1,0,1,60,,,,,,,1,91,78,1,solo9,144,40,1,0,60,0,0,,0,0,0,0,0,0,0,,0,0,0,0,0,0,1,0,0,0,0
3,7,0,1,0,1,60,,,,,,,1,36,90,1,solo6,288,40,1,0,60,0,0,,0,0,0,0,0,0,0,,0,0,0,0,0,0,1,0,0,0,0
3,8,0,1,0,1,60,,,,,,,1,65,17,1,solo9,0,40,1,0,60,0,0,,0,0,0,0,0,0,0,,0,0,0,0,0,0,1,0,0,0,0
4,1,0,1,0,1,60,,,,,,,1,48,36,1,solo5,108,40,1,0,60,0,0,,0,0,0,0,0,0,0,,0,0,0,0,0,0,1,0,0,0,0
4,2,0,1,0,1,60,,,,,,,1,55,11,1,solo10,72,40,1,0,60,0,0,,0,0,0,0,0,0,0,,0,0,0,0,0,0,1,0,0,0,0
4,3,0,1,0,1,60,,,,,,,1,63,35,1,solo5,144,40,1,0,60,0,0,,0,0,0,0,0,0,0,,0,0,0,0,0,0,1,0,0,0,0
4,4,0,1,0,1,60,,,,,,,1,38,13,1,solo5,342,40,1,0,60,0,0,,0,0,0,0,0,0,0,,0,0,0,0,0,0,1,0,0,0,0
4,5,0,1,0,1,60,,,,,,,1,75,22,1,solo11,342,40,1,0,60,0,0,,0,0,0,0,0,0,0,,0,0,0,0,0,0,1,0,0,0,0
4,6,0,1,0,1,60,,,,,,,1,27,87,1,solo7,90,40,1,0,60,0,0,,0,0,0,0,0,0,0,,0,0,0,0,0,0,1,0,0,0,0
4,7,0,1,0,1,60,,,,,,,1,95,28,1,solo9,108,40,1,0,60,0,0,,0,0,0,0,0,0,0,,0,0,0,0,0,0,1,0,0,0,0
4,8,0,1,0,1,60,,,,,,,1,32,86,1,solo12,162,40,1,0,60,0,0,,0,0,0,0,0,0,0,,0,0,0,0,0,0,1,0,0,0,0
5,1,0,1,0,1,60,,,,,,,1,69,33,1,solo6,36,40,1,0,60,0,0,,0,0,0,0,0,0,0,,0,0,0,0,0,0,1,0,0,0,0
5,2,0,1,0,1,60,,,,,,,1,68,26,1,solo11,108,40,1,0,60,0,0,,0,0,0,0,0,0,0,,0,0,0,0,0,0,1,0,0,0,0
5,3,0,1,0,1,60,,,,,,,1,39,24,1,solo11,0,40,1,0,60,0,0,,0,0,0,0,0,0,0,,0,0,0,0,0,0,1,0,0,0,0
5,4,0,1,0,1,60,,,,,,,1,38,78,1,solo7,198,40,1,0,60,0,0,,0,0,0,0,0,0,0,,0,0,0,0,0,0,1,0,0,0,0
5,5,0,1,0,1,60,,,,,,,1,11,36,1,solo5,216,40,1,0,60,0,0,,0,0,0,0,0,0,0,,0,0,0,0,0,0,1,0,0,0,0
5,6,0,1,0,1,60,,,,,,,1,32,15,1,solo5,18,40,1,0,60,0,0,,0,0,0,0,0,0,0,,0,0,0,0,0,0,1,0,0,0,0
5,7,0,1,0,1,60,,,,,,,1,97,34,1,solo7,252,40,1,0,60,0,0,,0,0,0,0,0,0,0,,0,0,0,0,0,0,1,0,0,0,0
5,8,0,1,0,1,60,,,,,,,1,21,60,1,solo12,234,40,1,0,60,0,0,,0,0,0,0,0,0,0,,0,0,0,0,0,0,1,0,0,0,0
6,1,0,1,0,1,60,,,,,,,1,30,95,1,solo7,252,40,1,0,60,0,0,,0,0,0,0,0,0,0,,0,0,0,0,0,0,1,0,0,0,0
6,2,0,1,0,1,60,,,,,,,1,31,92,1,solo9,252,40,1,0,60,0,0,,0,0,0,0,0,0,0,,0,0,0,0,0,0,1,0,0,0,0
6,3,0,1,0,1,60,,,,,,,1,25,44,1,solo10,306,40,1,0,60,0,0,,0,0,0,0,0,0,0,,0,0,0,0,0,0,1,0,0,0,0
6,4,0,1,0,1,60,,,,,,,1,76,81,1,solo11,288,40,1,0,60,0,0,,0,0,0,0,0,0,0,,0,0,0,0,0,0,1,0,0,0,0
6,5,0,1,0,1,60,,,,,,,1,35,63,1,solo7,324,40,1,0,60,0,0,,0,0,0,0,0,0,0,,0,0,0,0,0,0,1,0,0,0,0
6,6,0,1,0,1,60,,,,,,,1,40,40,1,solo6,54,40,1,0,60,0,0,,0,0,0,0,0,0,0,,0,0,0,0,0,0,1,0,0,0,0
6,7,0,1,0,1,60,,,,,,,1,61,38,1,solo11,162,40,1,0,60,0,0,,0,0,0,0,0,0,0,,0,0,0,0,0,0,1,0,0,0,0
6,8,0,1,0,1,60,,,,,,,1,61,62,1,solo6,144,40,1,0,60,0,0,,0,0,0,0,0,0,0,,0,0,0,0,0,0,1,0,0,0,0
7,1,0,1,0,1,60,,,,,,,1,29,60,1,solo6,180,40,1,0,60,0,0,,0,0,0,0,0,0,0,,0,0,0,0,0,0,1,0,0,0,0
7,2,0,1,0,1,60,,,,,,,1,68,44,1,solo9,252,40,1,0,60,0,0,,0,0,0,0,0,0,0,,0,0,0,0,0,0,1,0,0,0,0
7,3,0,1,0,1,60,,,,,,,1,9,95,1,solo9,126,40,1,0,60,0,0,,0,0,0,0,0,0,0,,0,0,0,0,0,0,1,0,0,0,0
7,4,0,1,0,1,60,,,,,,,1,12,41,1,solo9,54,40,1,0,60,0,0,,0,0,0,0,0,0,0,,0,0,0,0,0,0,1,0,0,0,0
7,5,0,1,0,1,60,,,,,,,1,35,15,1,solo6,72,40,1,0,60,0,0,,0,0,0,0,0,0,0,,0,0,0,0,0,0,1,0,0,0,0
7,6,0,1,0,1,60,,,,,,,1,49,7,1,solo9,144,40,1,0,60,0,0,,0,0,0,0,0,0,0,,0,0,0,0,0,0,1,0,0,0,0
7,7,0,1,0,1,60,,,,,,,1,16,85,1,solo7,162,40,1,0,60,0,0,,0,0,0,0,0,0,0,,0,0,0,0,0,0,1,0,0,0,0
7,8,0,1,0,1,60,,,,,,,1,4,65,1,solo11,270,40,1,0,60,0,0,,0,0,0,0,0,0,0,,0,0,0,0,0,0,1,0,0,0,0
8,1,0,1,0,1,60,,,,,,,1,2,23,1,solo6,108,40,1,0,60,0,0,,0,0,0,0,0,0,0,,0,0,0,0,0,0,1,0,0,0,0
8,2,0,1,0,1,60,,,,,,,1,70,31,1,solo12,108,40,1,0,60,0,0,,0,0,0,0,0,0,0,,0,0,0,0,0,0,1,0,0,0,0
8,3,0,1,0,1,60,,,,,,,1,100,30,1,solo5,144,40,1,0,60,0,0,,0,0,0,0,0,0,0,,0,0,0,0,0,0,1,0,0,0,0
8,4,0,1,0,1,60,,,,,,,1,2,91,1,solo10,306,40,1,0,60,0,0,,0,0,0,0,0,0,0,,0,0,0,0,0,0,1,0,0,0,0
8,5,0,1,0,1,60,,,,,,,1,21,96,1,solo6,252,40,1,0,60,0,0,,0,0,0,0,0,0,0,,0,0,0,0,0,0,1,0,0,0,0
8,6,0,1,0,1,60,,,,,,,1,68,93,1,solo3,162,40,1,0,60,0,0,,0,0,0,0,0,0,0,,0,0,0,0,0,0,1,0,0,0,0
8,7,0,1,0,1,60,,,,,,,1,88,29,1,solo9,162,40,1,0,60,0,0,,0,0,0,0,0,0,0,,0,0,0,0,0,0,1,0,0,0,0
8,8,0,1,0,1,60,,,,,,,1,17,82,1,solo12,0,40,1,0,60,0,0,,0,0,0,0,0,0,0,,0,0,0,0,0,0,1,0,0,0,0
