1,1,0,1,0,1,60,,,,,,,1,44,4,1,solo12,36,40,1,0,60,0,0,,0,0,0,0,0,0,0,,0,0,0,0,0,0,1,0,0,0,0
1,2,0,1,0,1,60,,,,,,,1,55,72,1,solo5,18,40,1,0,60,0,0,,0,0,0,0,0,0,0,,0,0,0,0,0,0,1,0,0,0,0
1,3,0,1,0,1,60,,,,,,,1,60,60,1,solo6,216,40,1,0,60,0,0,,0,0,0,0,0,0,0,,0,0,0,0,0,0,1,0,0,0,0
1,4,0,1,0,1,60,,,,,,,1,61,41,1,solo7,270,40,1,0,60,0,0,,0,0,0,0,0,0,0,,0,0,0,0,0,0,1,0,0,0,0
1,5,0,1,0,1,60,,,,,,,1,84,37,1,solo11,0,40,1,0,60,0,0,,0,0,0,0,0,0,0,,0,0,0,0,0,0,1,0,0,0,0
1,6,0,1,0,1,60,,,,,,,1,46,48,1,solo3,234,40,1,0,60,0,0,,0,0,0,0,0,0,0,,0,0,0,0,0,0,1,0,0,0,0
1,7,0,1,0,1,60,,,,,,,1,99,14,1,solo3,108,40,1,0,60,0,0,,0,0,0,0,0,0,0,,0,0,0,0,0,0,1,0,0,0,0
1,8,0,1,0,1,60,,,,,,,1,38,42,1,solo12,234,40,1,0,60,0,0,,0,0,0,0,0,0,0,,0,0,0,0,0,0,1,0,0,0,0
2,1,0,1,0,1,60,,,,,,,1,81,15,1,solo12,72,40,1,0,60,0,0,,0,0,0,0,0,0,0,,0,0,0,0,0,0,1,0,0,0,0
2,2,0,1,0,1,60,,,,,,,1,13,18,1,solo6,126,40,1,0,60,0,0,,0,0,0,0,0,0,0,,0,0,0,0,0,0,1,0,0,0,0
2,3,0,1,0,1,60,,,,,,,1,71,31,1,solo7,198,40,1,0,60,0,0,,0,0,0,0,0,0,0,,0,0,0,0,0,0,1,0,0,0,0
2,4,0,1,0,1,60,,,,,,,1,87,8,1,solo3,234,40,1,0,60,0,0,,0,0,0,0,0,0,0,,0,0,0,0,0,0,1,0,0,0,0
2,5,0,1,0,1,60,,,,,,,1,66,79,1,solo3,342,40,1,0,60,0,0,,0,0,0,0,0,0,0,,0,0,0,0,0,0,1,0,0,0,0
2,6,0,1,0,1,60,,,,,,,1,94,68,1,solo10,54,40,1,0,60,0,0,,0,0,0,0,0,0,0,,0,0,0,0,0,0,1,0,0,0,0
2,7,0,1,0,1,60,,,,,,,1,57,27,1,solo3,342,40,1,0,60,0,0,,0,0,0,0,0,0,0,,0,0,0,0,0,0,1,0,0,0,0
2,8,0,1,0,1,60,,,,,,,1,71,26,1,solo9,270,40,1,0,60,0,0,,0,0,0,0,0,0,0,,0,0,0,0,0,0,1,0,0,0,0
3,1,0,1,0,1,60,,,,,,,1,95,19,1,solo7,198,40,1,0,60,0,0,,0,0,0,0,0,0,0,,0,0,0,0,0,0,1,0,0,0,0
3,2,0,1,0,1,60,,,,,,,1,86,10,1,solo5,342,40,1,0,60,0,0,,0,0,0,0,0,0,0,,0,0,0,0,0,0,1,0,0,0,0
3,3,0,1,0,1,60,,,,,,,1,60,39,1,solo10,306,40,1,0,60,0,0,,0,0,0,0,0,0,0,,0,0,0,0,0,0,1,0,0,0,0
3,4,0,1,0,1,60,,,,,,,1,93,34,1,solo7,324,40,1,0,60,0,0,,0,0,0,0,0,0,0,,0,0,0,0,0,0,1,0,0,0,0
3,5,0,1,0,1,60,,,,,,,1,57,57,1,solo9,18,40,1,0,60,0,0,,0,0,0,0,0,0,0,,0,0,0,0,0,0,1,0,0,0,0
3,6,0,1,0,1,60,,,,,,,1,0,31,1,solo5,162,40,1,0,60,0,0,,0,0,0,0,0,0,0,,0,0,0,0,0,0,1,0,0,0,0
3,7,0,1,0,1,60,,,,,,,1,49,73,1,solo9,198,40,1,0,60,0,0,,0,0,0,0,0,0,0,,0,0,0,0,0,0,1,0,0,0,0
3,8,0,1,0,1,60,,,,,,,1,30,8,1,solo9,180,40,1,0,60,0,0,,0,0,0,0,0,0,0,,0,0,0,0,0,0,1,0,0,0,0
4,1,0,1,0,1,60,,,,,,,1,20,48,1,solo12,126,40,1,0,60,0,0,,0,0,0,0,0,0,0,,0,0,0,0,0,0,1,0,0,0,0
4,2,0,1,0,1,60,,,,,,,1,81,66,1,solo7,144,40,1,0,60,0,0,,0,0,0,0,0,0,0,,0,0,0,0,0,0,1,0,0,0,0
4,3,0,1,0,1,60,,,,,,,1,22,52,1,solo3,324,40,1,0,60,0,0,,0,0,0,0,0,0,0,,0,0,0,0,0,0,1,0,0,0,0
4,4,0,1,0,1,60,,,,,,,1,77,90,1,solo12,108,40,1,0,60,0,0,,0,0,0,0,0,0,0,,0,0,0,0,0,0,1,0,0,0,0
4,5,0,1,0,1,60,,,,,,,1,39,68,1,solo10,198,40,1,0,60,0,0,,0,0,0,0,0,0,0,,0,0,0,0,0,0,1,0,0,0,0
4,6,0,1,0,1,60,,,,,,,1,1,4,1,solo7,324,40,1,0,60,0,0,,0,0,0,0,0,0,0,,0,0,0,0,0,0,1,0,0,0,0
4,7,0,1,0,1,60,,,,,,,1,14,13,1,solo7,0,40,1,0,60,0,0,,0,0,0,0,0,0,0,,0,0,0,0,0,0,1,0,0,0,0
4,8,0,1,0,1,60,,,,,,,1,34,71,1,solo12,288,40,1,0,60,0,0,,0,0,0,0,0,0,0,,0,0,0,0,0,0,1,0,0,0,0
5,1,0,1,0,1,60,,,,,,,1,20,55,1,solo9,36,40,1,0,60,0,0,,0,0,0,0,0,0,0,,0,0,0,0,0,0,1,0,0,0,0
5,2,0,1,0,1,60,,,,,,,1,96,7,1,solo12,216,40,1,0,60,0,0,,0,0,0,0,0,0,0,,0,0,0,0,0,0,1,0,0,0,0
5,3,0,1,0,1,60,,,,,,,1,67,22,1,solo3,54,40,1,0,60,0,0,,0,0,0,0,0,0,0,,0,0,0,0,0,0,1,0,0,0,0
5,4,0,1,0,1,60,,,,,,,1,7,2,1,solo9,90,40,1,0,60,0,0,,0,0,0,0,0,0,0,,0,0,0,0,0,0,1,0,0,0,0
5,5,0,1,0,1,60,,,,,,,1,33,18,1,solo9,0,40,1,0,60,0,0,,0,0,0,0,0,0,0,,0,0,0,0,0,0,1,0,0,0,0
5,6,0,1,0,1,60,,,,,,,1,62,21,1,solo7,180,40,1,0,60,0,0,,0,0,0,0,0,0,0,,0,0,0,0,0,0,1,0,0,0,0
5,7,0,1,0,1,60,,,,,,,1,2,1,1,solo9,198,40,1,0,60,0,0,,0,0,0,0,0,0,0,,0,0,0,0,0,0,1,0,0,0,0
5,8,0,1,0,1,60,,,,,,,1,63,93,1,solo6,198,40,1,0,60,0,0,,0,0,0,0,0,0,0,,0,0,0,0,0,0,1,0,0,0,0
6,1,0,1,0,1,60,,,,,,,1,88,45,1,solo5,342,40,1,0,60,0,0,,0,0,0,0,0,0,0,,0,0,0,0,0,0,1,0,0,0,0
6,2,0,1,0,1,60,,,,,,,1,31,38,1,solo3,306,40,1,0,60,0,0,,0,0,0,0,0,0,0,,0,0,0,0,0,0,1,0,0,0,0
6,3,0,1,0,1,60,,,,,,,1,61,31,1,solo10,108,40,1,0,60,0,0,,0,0,0,0,0,0,0,,0,0,0,0,0,0,1,0,0,0,0
6,4,0,1,0,1,60,,,,,,,1,90,35,1,solo12,126,40,1,0,60,0,0,,0,0,0,0,0,0,0,,0,0,0,0,0,0,1,0,0,0,0
6,5,0,1,0,1,60,,,,,,,1,40,74,1,solo11,126,40,1,0,60,0,0,,0,0,0,0,0,0,0,,0,0,0,0,0,0,1,0,0,0,0
6,6,0,1,0,1,60,,,,,,,1,8,45,1,solo11,324,40,1,0,60,0,0,,0,0,0,0,0,0,0,,0,0,0,0,0,0,1,0,0,0,0
6,7,0,1,0,1,60,,,,,,,1,78,67,1,solo6,162,40,1,0,60,0,0,,0,0,0,0,0,0,0,,0,0,0,0,0,0,1,0,0,0,0
6,8,0,1,0,1,60,,,,,,,1,33,33,1,solo7,0,40,1,0,60,0,0,,0,0,0,0,0,0,0,,0,0,0,0,0,0,1,0,0,0,0
7,1,0,1,0,1,60,,,,,,,1,72,1,1,solo12,54,40,1,0,60,0,0,,0,0,0,0,0,0,0,,0,0,0,0,0,0,1,0,0,0,0
7,2,0,1,0,1,60,,,,,,,1,59,31,1,solo3,0,40,1,0,60,0,0,,0,0,0,0,0,0,0,,0,0,0,0,0,0,1,0,0,0,0
7,3,0,1,0,1,60,,,,,,,1,36,46,1,solo3,288,40,1,0,60,0,0,,0,0,0,0,0,0,0,,0,0,0,0,0,0,1,0,0,0,0
7,4,0,1,0,1,60,,,,,,,1,90,96,1,solo3,108,40,1,0,60,0,0,,0,0,0,0,0,0,0,,0,0,0,0,0,0,1,0,0,0,0
7,5,0,1,0,1,60,,,,,,,1,22,87,1,solo9,108,40,1,0,60,0,0,,0,0,0,0,0,0,0,,0,0,0,0,0,0,1,0,0,0,0
7,6,0,1,0,1,60,,,,,,,1,55,24,1,solo6,198,40,1,0,60,0,0,,0,0,0,0,0,0,0,,0,0,0,0,0,0,1,0,0,0,0
7,7,0,1,0,1,60,,,,,,,1,37,81,1,solo9,252,40,1,0,60,0,0,,0,0,0,0,0,0,0,,0,0,0,0,0,0,1,0,0,0,0
7,8,0,1,0,1,60,,,,,,,1,87,8,1,solo12,54,40,1,0,60,0,0,,0,0,0,0,0,0,0,,0,0,0,0,0,0,1,0,0,0,0
8,1,0,1,0,1,60,,,,,,,1,62,28,1,solo6,54,40,1,0,60,0,0,,0,0,0,0,0,0,0,,0,0,0,0,0,0,1,0,0,0,0
8,2,0,1,0,1,60,,,,,,,1,38,77,1,solo11,162,40,1,0,60,0,0,,0,0,0,0,0,0,0,,0,0,0,0,0,0,1,0,0,0,0
8,3,0,1,0,1,60,,,,,,,1,44,9,1,solo10,126,40,1,0,60,0,0,,0,0,0,0,0,0,0,,0,0,0,0,0,0,1,0,0,0,0
8,4,0,1,0,1,60,,,,,,,1,9,29,1,solo6,54,40,1,0,60,0,0,,0,0,0,0,0,0,0,,0,0,0,0,0,0,1,0,0,0,0
8,5,0,1,0,1,60,,,,,,,1,3,73,1,solo11,288,40,1,0,60,0,0,,0,0,0,0,0,0,0,,0,0,0,0,0,0,1,0,0,0,0
8,6,0,1,0,1,60,,,,,,,1,13,5,1,solo10,342,40,1,0,60,0,0,,0,0,0,0,0,0,0,,0,0,0,0,0,0,1,0,0,0,0
8,7,0,1,0,1,60,,,,,,,1,67,46,1,solo7,108,40,1,0,60,0,0,,0,0,0,0,0,0,0,,0,0,0,0,0,0,1,0,0,0,0
8,8,0,1,0,1,60,,,,,,,1,27,39,1,solo10,198,40,1,0,60,0,0,,0,0,0,0,0,0,0,,0,0,0,0,0,0,1,0,0,0,0
