1,1,0,1,0,1,60,,,,,,,1,93,99,1,solo9,198,40,1,0,60,0,0,,0,0,0,0,0,0,0,,0,0,0,0,0,0,1,0,0,0,0
1,2,0,1,0,1,60,,,,,,,1,90,76,1,solo3,216,40,1,0,60,0,0,,0,0,0,0,0,0,0,,0,0,0,0,0,0,1,0,0,0,0
1,3,0,1,0,1,60,,,,,,,1,70,21,1,solo12,144,40,1,0,60,0,0,,0,0,0,0,0,0,0,,0,0,0,0,0,0,1,0,0,0,0
1,4,0,1,0,1,60,,,,,,,1,92,41,1,solo12,108,40,1,0,60,0,0,,0,0,0,0,0,0,0,,0,0,0,0,0,0,1,0,0,0,0
1,5,0,1,0,1,60,,,,,,,1,6,76,1,solo3,306,40,1,0,60,0,0,,0,0,0,0,0,0,0,,0,0,0,0,0,0,1,0,0,0,0
1,6,0,1,0,1,60,,,,,,,1,53,90,1,solo9,180,40,1,0,60,0,0,,0,0,0,0,0,0,0,,0,0,0,0,0,0,1,0,0,0,0
1,7,0,1,0,1,60,,,,,,,1,48,45,1,solo11,108,40,1,0,60,0,0,,0,0,0,0,0,0,0,,0,0,0,0,0,0,1,0,0,0,0
1,8,0,1,0,1,60,,,,,,,1,18,88,1,solo9,108,40,1,0,60,0,0,,0,0,0,0,0,0,0,,0,0,0,0,0,0,1,0,0,0,0
1,9,0,1,0,1,60,,,,,,,1,22,31,1,solo3,342,40,1,0,60,0,0,,0,0,0,0,0,0,0,,0,0,0,0,0,0,1,0,0,0,0
1,10,0,1,0,1,60,,,,,,,1,94,72,1,solo10,342,40,1,0,60,0,0,,0,0,0,0,0,0,0,,0,0,0,0,0,0,1,0,0,0,0
1,11,0,1,0,1,60,,,,,,,1,10,37,1,solo7,198,40,1,0,60,0,0,,0,0,0,0,0,0,0,,0,0,0,0,0,0,1,0,0,0,0
1,12,0,1,0,1,60,,,,,,,1,35,6,1,solo6,72,40,1,0,60,0,0,,0,0,0,0,0,0,0,,0,0,0,0,0,0,1,0,0,0,0
1,13,0,1,0,1,60,,,,,,,1,51,80,1,solo6,72,40,1,0,60,0,0,,0,0,0,0,0,0,0,,0,0,0,0,0,0,1,0,0,0,0
1,14,0,1,0,1,60,,,,,,,1,59,11,1,solo5,36,40,1,0,60,0,0,,0,0,0,0,0,0,0,,0,0,0,0,0,0,1,0,0,0,0
1,15,0,1,0,1,60,,,,,,,1,94,24,1,solo9,36,40,1,0,60,0,0,,0,0,0,0,0,0,0,,0,0,0,0,0,0,1,0,0,0,0
1,16,0,1,0,1,60,,,,,,,1,78,9,1,solo3,90,40,1,0,60,0,0,,0,0,0,0,0,0,0,,0,0,0,0,0,0,1,0,0,0,0
1,17,0,1,0,1,60,,,,,,,1,81,6,1,solo7,90,40,1,0,60,0,0,,0,0,0,0,0,0,0,,0,0,0,0,0,0,1,0,0,0,0
1,18,0,1,0,1,60,,,,,,,1,49,36,1,solo5,72,40,1,0,60,0,0,,0,0,0,0,0,0,0,,0,0,0,0,0,0,1,0,0,0,0
1,19,0,1,0,1,60,,,,,,,1,57,43,1,solo3,198,40,1,0,60,0,0,,0,0,0,0,0,0,0,,0,0,0,0,0,0,1,0,0,0,0
1,20,0,1,0,1,60,,,,,,,1,77,27,1,solo7,90,40,1,0,60,0,0,,0,0,0,0,0,0,0,,0,0,0,0,0,0,1,0,0,0,0
1,21,0,1,0,1,60,,,,,,,1,84,79,1,solo6,324,40,1,0,60,0,0,,0,0,0,0,0,0,0,,0,0,0,0,0,0,1,0,0,0,0
1,22,0,1,0,1,60,,,,,,,1,55,16,1,solo3,72,40,1,0,60,0,0,,0,0,0,0,0,0,0,,0,0,0,0,0,0,1,0,0,0,0
1,23,0,1,0,1,60,,,,,,,1,52,30,1,solo3,144,40,1,0,60,0,0,,0,0,0,0,0,0,0,,0,0,0,0,0,0,1,0,0,0,0
1,24,0,1,0,1,60,,,,,,,1,29,40,1,solo7,306,40,1,0,60,0,0,,0,0,0,0,0,0,0,,0,0,0,0,0,0,1,0,0,0,0
1,25,0,1,0,1,60,,,,,,,1,66,18,1,solo6,198,40,1,0,60,0,0,,0,0,0,0,0,0,0,,0,0,0,0,0,0,1,0,0,0,0
1,26,0,1,0,1,60,,,,,,,1,73,46,1,solo9,36,40,1,0,60,0,0,,0,0,0,0,0,0,0,,0,0,0,0,0,0,1,0,0,0,0
1,27,0,1,0,1,60,,,,,,,1,40,34,1,solo7,270,40,1,0,60,0,0,,0,0,0,0,0,0,0,,0,0,0,0,0,0,1,0,0,0,0
1,28,0,1,0,1,60,,,,,,,1,75,9,1,solo6,234,40,1,0,60,0,0,,0,0,0,0,0,0,0,,0,0,0,0,0,0,1,0,0,0,0
1,29,0,1,0,1,60,,,,,,,1,41,57,1,solo10,234,40,1,0,60,0,0,,0,0,0,0,0,0,0,,0,0,0,0,0,0,1,0,0,0,0
1,30,0,1,0,1,60,,,,,,,1,47,9,1,solo7,0,40,1,0,60,0,0,,0,0,0,0,0,0,0,,0,0,0,0,0,0,1,0,0,0,0
1,31,0,1,0,1,60,,,,,,,1,70,86,1,solo6,306,40,1,0,60,0,0,,0,0,0,0,0,0,0,,0,0,0,0,0,0,1,0,0,0,0
1,32,0,1,0,1,60,,,,,,,1,51,64,1,solo3,342,40,1,0,60,0,0,,0,0,0,0,0,0,0,,0,0,0,0,0,0,1,0,0,0,0
1,33,0,1,0,1,60,,,,,,,1,46,71,1,solo9,54,40,1,0,60,0,0,,0,0,0,0,0,0,0,,0,0,0,0,0,0,1,0,0,0,0
1,34,0,1,0,1,60,,,,,,,1,67,33,1,solo11,324,40,1,0,60,0,0,,0,0,0,0,0,0,0,,0,0,0,0,0,0,1,0,0,0,0
1,35,0,1,0,1,60,,,,,,,1,12,31,1,solo7,180,40,1,0,60,0,0,,0,0,0,0,0,0,0,,0,0,0,0,0,0,1,0,0,0,0
1,36,0,1,0,1,60,,,,,,,1,77,76,1,solo10,342,40,1,0,60,0,0,,0,0,0,0,0,0,0,,0,0,0,0,0,0,1,0,0,0,0
1,37,0,1,0,1,60,,,,,,,1,17,16,1,solo7,270,40,1,0,60,0,0,,0,0,0,0,0,0,0,,0,0,0,0,0,0,1,0,0,0,0
1,38,0,1,0,1,60,,,,,,,1,34,91,1,solo6,288,40,1,0,60,0,0,,0,0,0,0,0,0,0,,0,0,0,0,0,0,1,0,0,0,0
1,39,0,1,0,1,60,,,,,,,1,20,66,1,solo5,324,40,1,0,60,0,0,,0,0,0,0,0,0,0,,0,0,0,0,0,0,1,0,0,0,0
1,40,0,1,0,1,60,,,,,,,1,80,3,1,solo5,162,40,1,0,60,0,0,,0,0,0,0,0,0,0,,0,0,0,0,0,0,1,0,0,0,0
1,41,0,1,0,1,60,,,,,,,1,100,91,1,solo10,108,40,1,0,60,0,0,,0,0,0,0,0,0,0,,0,0,0,0,0,0,1,0,0,0,0
1,42,0,1,0,1,60,,,,,,,1,42,100,1,solo6,288,40,1,0,60,0,0,,0,0,0,0,0,0,0,,0,0,0,0,0,0,1,0,0,0,0
1,43,0,1,0,1,60,,,,,,,1,77,98,1,solo6,234,40,1,0,60,0,0,,0,0,0,0,0,0,0,,0,0,0,0,0,0,1,0,0,0,0
1,44,0,1,0,1,60,,,,,,,1,67,82,1,solo11,126,40,1,0,60,0,0,,0,0,0,0,0,0,0,,0,0,0,0,0,0,1,0,0,0,0
1,45,0,1,0,1,60,,,,,,,1,73,51,1,solo3,216,40,1,0,60,0,0,,0,0,0,0,0,0,0,,0,0,0,0,0,0,1,0,0,0,0
1,46,0,1,0,1,60,,,,,,,1,17,74,1,solo7,0,40,1,0,60,0,0,,0,0,0,0,0,0,0,,0,0,0,0,0,0,1,0,0,0,0
1,47,0,1,0,1,60,,,,,,,1,74,86,1,solo9,18,40,1,0,60,0,0,,0,0,0,0,0,0,0,,0,0,0,0,0,0,1,0,0,0,0
1,48,0,1,0,1,60,,,,,,,1,71,33,1,solo6,270,40,1,0,60,0,0,,0,0,0,0,0,0,0,,0,0,0,0,0,0,1,0,0,0,0
1,49,0,1,0,1,60,,,,,,,1,59,27,1,solo7,54,40,1,0,60,0,0,,0,0,0,0,0,0,0,,0,0,0,0,0,0,1,0,0,0,0
1,50,0,1,0,1,60,,,,,,,1,83,18,1,solo10,252,40,1,0,60,0,0,,0,0,0,0,0,0,0,,0,0,0,0,0,0,1,0,0,0,0
1,51,0,1,0,1,60,,,,,,,1,27,48,1,solo10,54,40,1,0,60,0,0,,0,0,0,0,0,0,0,,0,0,0,0,0,0,1,0,0,0,0
1,52,0,1,0,1,60,,,,,,,1,57,12,1,solo12,162,40,1,0,60,0,0,,0,0,0,0,0,0,0,,0,0,0,0,0,0,1,0,0,0,0
1,53,0,1,0,1,60,,,,,,,1,4,57,1,solo11,162,40,1,0,60,0,0,,0,0,0,0,0,0,0,,0,0,0,0,0,0,1,0,0,0,0
1,54,0,1,0,1,60,,,,,,,1,64,5,1,solo12,36,40,1,0,60,0,0,,0,0,0,0,0,0,0,,0,0,0,0,0,0,1,0,0,0,0
1,55,0,1,0,1,60,,,,,,,1,6,82,1,solo3,324,40,1,0,60,0,0,,0,0,0,0,0,0,0,,0,0,0,0,0,0,1,0,0,0,0
1,56,0,1,0,1,60,,,,,,,1,20,44,1,solo6,18,40,1,0,60,0,0,,0,0,0,0,0,0,0,,0,0,0,0,0,0,1,0,0,0,0
1,57,0,1,0,1,60,,,,,,,1,46,74,1,solo12,324,40,1,0,60,0,0,,0,0,0,0,0,0,0,,0,0,0,0,0,0,1,0,0,0,0
1,58,0,1,0,1,60,,,,,,,1,22,47,1,solo12,306,40,1,0,60,0,0,,0,0,0,0,0,0,0,,0,0,0,0,0,0,1,0,0,0,0
1,59,0,1,0,1,60,,,,,,,1,70,69,1,solo10,18,40,1,0,60,0,0,,0,0,0,0,0,0,0,,0,0,0,0,0,0,1,0,0,0,0
1,60,0,1,0,1,60,,,,,,,1,55,34,1,solo3,72,40,1,0,60,0,0,,0,0,0,0,0,0,0,,0,0,0,0,0,0,1,0,0,0,0
1,61,0,1,0,1,60,,,,,,,1,64,52,1,solo10,306,40,1,0,60,0,0,,0,0,0,0,0,0,0,,0,0,0,0,0,0,1,0,0,0,0
1,62,0,1,0,1,60,,,,,,,1,79,10,1,solo12,288,40,1,0,60,0,0,,0,0,0,0,0,0,0,,0,0,0,0,0,0,1,0,0,0,0
1,63,0,1,0,1,60,,,,,,,1,70,55,1,solo12,216,40,1,0,60,0,0,,0,0,0,0,0,0,0,,0,0,0,0,0,0,1,0,0,0,0
1,64,0,1,0,1,60,,,,,,,1,23,48,1,solo3,90,40,1,0,60,0,0,,0,0,0,0,0,0,0,,0,0,0,0,0,0,1,0,0,0,0
2,1,0,1,0,1,60,,,,,,,1,97,5,1,solo5,0,40,1,0,60,0,0,,0,0,0,0,0,0,0,,0,0,0,0,0,0,1,0,0,0,0
2,2,0,1,0,1,60,,,,,,,1,24,33,1,solo10,126,40,1,0,60,0,0,,0,0,0,0,0,0,0,,0,0,0,0,0,0,1,0,0,0,0
2,3,0,1,0,1,60,,,,,,,1,4,73,1,solo5,342,40,1,0,60,0,0,,0,0,0,0,0,0,0,,0,0,0,0,0,0,1,0,0,0,0
2,4,0,1,0,1,60,,,,,,,1,91,86,1,solo12,270,40,1,0,60,0,0,,0,0,0,0,0,0,0,,0,0,0,0,0,0,1,0,0,0,0
2,5,0,1,0,1,60,,,,,,,1,94,47,1,solo6,126,40,1,0,60,0,0,,0,0,0,0,0,0,0,,0,0,0,0,0,0,1,0,0,0,0
2,6,0,1,0,1,60,,,,,,,1,31,35,1,solo11,288,40,1,0,60,0,0,,0,0,0,0,0,0,0,,0,0,0,0,0,0,1,0,0,0,0
2,7,0,1,0,1,60,,,,,,,1,13,20,1,solo3,36,40,1,0,60,0,0,,0,0,0,0,0,0,0,,0,0,0,0,0,0,1,0,0,0,0
2,8,0,1,0,1,60,,,,,,,1,30,8,1,solo12,342,40,1,0,60,0,0,,0,0,0,0,0,0,0,,0,0,0,0,0,0,1,0,0,0,0
2,9,0,1,0,1,60,,,,,,,1,26,44,1,solo3,306,40,1,0,60,0,0,,0,0,0,0,0,0,0,,0,0,0,0,0,0,1,0,0,0,0
2,10,0,1,0,1,60,,,,,,,1,68,40,1,solo6,72,40,1,0,60,0,0,,0,0,0,0,0,0,0,,0,0,0,0,0,0,1,0,0,0,0
2,11,0,1,0,1,60,,,,,,,1,90,97,1,solo5,108,40,1,0,60,0,0,,0,0,0,0,0,0,0,,0,0,0,0,0,0,1,0,0,0,0
2,12,0,1,0,1,60,,,,,,,1,33,20,1,solo10,306,40,1,0,60,0,0,,0,0,0,0,0,0,0,,0,0,0,0,0,0,1,0,0,0,0
2,13,0,1,0,1,60,,,,,,,1,5,48,1,solo3,288,40,1,0,60,0,0,,0,0,0,0,0,0,0,,0,0,0,0,0,0,1,0,0,0,0
2,14,0,1,0,1,60,,,,,,,1,85,21,1,solo5,108,40,1,0,60,0,0,,0,0,0,0,0,0,0,,0,0,0,0,0,0,1,0,0,0,0
2,15,0,1,0,1,60,,,,,,,1,14,64,1,solo12,144,40,1,0,60,0,0,,0,0,0,0,0,0,0,,0,0,0,0,0,0,1,0,0,0,0
2,16,0,1,0,1,60,,,,,,,1,77,42,1,solo11,0,40,1,0,60,0,0,,0,0,0,0,0,0,0,,0,0,0,0,0,0,1,0,0,0,0
2,17,0,1,0,1,60,,,,,,,1,65,77,1,solo11,270,40,1,0,60,0,0,,0,0,0,0,0,0,0,,0,0,0,0,0,0,1,0,0,0,0
2,18,0,1,0,1,60,,,,,,,1,4,97,1,solo7,54,40,1,0,60,0,0,,0,0,0,0,0,0,0,,0,0,0,0,0,0,1,0,0,0,0
2,19,0,1,0,1,60,,,,,,,1,46,54,1,solo3,288,40,1,0,60,0,0,,0,0,0,0,0,0,0,,0,0,0,0,0,0,1,0,0,0,0
2,20,0,1,0,1,60,,,,,,,1,78,48,1,solo5,162,40,1,0,60,0,0,,0,0,0,0,0,0,0,,0,0,0,0,0,0,1,0,0,0,0
2,21,0,1,0,1,60,,,,,,,1,76,49,1,solo6,216,40,1,0,60,0,0,,0,0,0,0,0,0,0,,0,0,0,0,0,0,1,0,0,0,0
2,22,0,1,0,1,60,,,,,,,1,19,90,1,solo6,162,40,1,0,60,0,0,,0,0,0,0,0,0,0,,0,0,0,0,0,0,1,0,0,0,0
2,23,0,1,0,1,60,,,,,,,1,91,0,1,solo9,0,40,1,0,60,0,0,,0,0,0,0,0,0,0,,0,0,0,0,0,0,1,0,0,0,0
2,24,0,1,0,1,60,,,,,,,1,43,81,1,solo9,252,40,1,0,60,0,0,,0,0,0,0,0,0,0,,0,0,0,0,0,0,1,0,0,0,0
2,25,0,1,0,1,60,,,,,,,1,71,67,1,solo12,306,40,1,0,60,0,0,,0,0,0,0,0,0,0,,0,0,0,0,0,0,1,0,0,0,0
2,26,0,1,0,1,60,,,,,,,1,30,18,1,solo7,90,40,1,0,60,0,0,,0,0,0,0,0,0,0,,0,0,0,0,0,0,1,0,0,0,0
2,27,0,1,0,1,60,,,,,,,1,31,38,1,solo6,18,40,1,0,60,0,0,,0,0,0,0,0,0,0,,0,0,0,0,0,0,1,0,0,0,0
2,28,0,1,0,1,60,,,,,,,1,92,61,1,solo12,18,40,1,0,60,0,0,,0,0,0,0,0,0,0,,0,0,0,0,0,0,1,0,0,0,0
2,29,0,1,0,1,60,,,,,,,1,90,2,1,solo7,90,40,1,0,60,0,0,,0,0,0,0,0,0,0,,0,0,0,0,0,0,1,0,0,0,0
2,30,0,1,0,1,60,,,,,,,1,65,23,1,solo11,162,40,1,0,60,0,0,,0,0,0,0,0,0,0,,0,0,0,0,0,0,1,0,0,0,0
2,31,0,1,0,1,60,,,,,,,1,35,81,1,solo12,270,40,1,0,60,0,0,,0,0,0,0,0,0,0,,0,0,0,0,0,0,1,0,0,0,0
2,32,0,1,0,1,60,,,,,,,1,2,56,1,solo9,252,40,1,0,60,0,0,,0,0,0,0,0,0,0,,0,0,0,0,0,0,1,0,0,0,0
2,33,0,1,0,1,60,,,,,,,1,63,72,1,solo7,90,40,1,0,60,0,0,,0,0,0,0,0,0,0,,0,0,0,0,0,0,1,0,0,0,0
2,34,0,1,0,1,60,,,,,,,1,83,17,1,solo11,54,40,1,0,60,0,0,,0,0,0,0,0,0,0,,0,0,0,0,0,0,1,0,0,0,0
2,35,0,1,0,1,60,,,,,,,1,53,60,1,solo3,36,40,1,0,60,0,0,,0,0,0,0,0,0,0,,0,0,0,0,0,0,1,0,0,0,0
2,36,0,1,0,1,60,,,,,,,1,91,33,1,solo3,90,40,1,0,60,0,0,,0,0,0,0,0,0,0,,0,0,0,0,0,0,1,0,0,0,0
2,37,0,1,0,1,60,,,,,,,1,77,24,1,solo9,18,40,1,0,60,0,0,,0,0,0,0,0,0,0,,0,0,0,0,0,0,1,0,0,0,0
2,38,0,1,0,1,60,,,,,,,1,89,76,1,solo5,306,40,1,0,60,0,0,,0,0,0,0,0,0,0,,0,0,0,0,0,0,1,0,0,0,0
2,39,0,1,0,1,60,,,,,,,1,76,53,1,solo9,252,40,1,0,60,0,0,,0,0,0,0,0,0,0,,0,0,0,0,0,0,1,0,0,0,0
2,40,0,1,0,1,60,,,,,,,1,49,43,1,solo10,252,40,1,0,60,0,0,,0,0,0,0,0,0,0,,0,0,0,0,0,0,1,0,0,0,0
2,41,0,1,0,1,60,,,,,,,1,70,12,1,solo6,324,40,1,0,60,0,0,,0,0,0,0,0,0,0,,0,0,0,0,0,0,1,0,0,0,0
2,42,0,1,0,1,60,,,,,,,1,3,11,1,solo12,198,40,1,0,60,0,0,,0,0,0,0,0,0,0,,0,0,0,0,0,0,1,0,0,0,0
2,43,0,1,0,1,60,,,,,,,1,96,36,1,solo6,126,40,1,0,60,0,0,,0,0,0,0,0,0,0,,0,0,0,0,0,0,1,0,0,0,0
2,44,0,1,0,1,60,,,,,,,1,78,6,1,solo12,18,40,1,0,60,0,0,,0,0,0,0,0,0,0,,0,0,0,0,0,0,1,0,0,0,0
2,45,0,1,0,1,60,,,,,,,1,57,0,1,solo10,162,40,1,0,60,0,0,,0,0,0,0,0,0,0,,0,0,0,0,0,0,1,0,0,0,0
2,46,0,1,0,1,60,,,,,,,1,60,47,1,solo3,90,40,1,0,60,0,0,,0,0,0,0,0,0,0,,0,0,0,0,0,0,1,0,0,0,0
2,47,0,1,0,1,60,,,,,,,1,69,78,1,solo7,198,40,1,0,60,0,0,,0,0,0,0,0,0,0,,0,0,0,0,0,0,1,0,0,0,0
2,48,0,1,0,1,60,,,,,,,1,95,64,1,solo9,162,40,1,0,60,0,0,,0,0,0,0,0,0,0,,0,0,0,0,0,0,1,0,0,0,0
2,49,0,1,0,1,60,,,,,,,1,93,51,1,solo11,342,40,1,0,60,0,0,,0,0,0,0,0,0,0,,0,0,0,0,0,0,1,0,0,0,0
2,50,0,1,0,1,60,,,,,,,1,78,17,1,solo7,36,40,1,0,60,0,0,,0,0,0,0,0,0,0,,0,0,0,0,0,0,1,0,0,0,0
2,51,0,1,0,1,60,,,,,,,1,26,64,1,solo12,180,40,1,0,60,0,0,,0,0,0,0,0,0,0,,0,0,0,0,0,0,1,0,0,0,0
2,52,0,1,0,1,60,,,,,,,1,18,31,1,solo10,306,40,1,0,60,0,0,,0,0,0,0,0,0,0,,0,0,0,0,0,0,1,0,0,0,0
2,53,0,1,0,1,60,,,,,,,1,1,18,1,solo9,0,40,1,0,60,0,0,,0,0,0,0,0,0,0,,0,0,0,0,0,0,1,0,0,0,0
2,54,0,1,0,1,60,,,,,,,1,70,54,1,solo11,180,40,1,0,60,0,0,,0,0,0,0,0,0,0,,0,0,0,0,0,0,1,0,0,0,0
2,55,0,1,0,1,60,,,,,,,1,60,97,1,solo6,90,40,1,0,60,0,0,,0,0,0,0,0,0,0,,0,0,0,0,0,0,1,0,0,0,0
2,56,0,1,0,1,60,,,,,,,1,63,14,1,solo10,324,40,1,0,60,0,0,,0,0,0,0,0,0,0,,0,0,0,0,0,0,1,0,0,0,0
2,57,0,1,0,1,60,,,,,,,1,20,79,1,solo10,72,40,1,0,60,0,0,,0,0,0,0,0,0,0,,0,0,0,0,0,0,1,0,0,0,0
2,58,0,1,0,1,60,,,,,,,1,80,10,1,solo5,126,40,1,0,60,0,0,,0,0,0,0,0,0,0,,0,0,0,0,0,0,1,0,0,0,0
2,59,0,1,0,1,60,,,,,,,1,2,32,1,solo5,54,40,1,0,60,0,0,,0,0,0,0,0,0,0,,0,0,0,0,0,0,1,0,0,0,0
2,60,0,1,0,1,60,,,,,,,1,12,23,1,solo10,108,40,1,0,60,0,0,,0,0,0,0,0,0,0,,0,0,0,0,0,0,1,0,0,0,0
2,61,0,1,0,1,60,,,,,,,1,88,89,1,solo5,0,40,1,0,60,0,0,,0,0,0,0,0,0,0,,0,0,0,0,0,0,1,0,0,0,0
2,62,0,1,0,1,60,,,,,,,1,21,36,1,solo10,36,40,1,0,60,0,0,,0,0,0,0,0,0,0,,0,0,0,0,0,0,1,0,0,0,0
2,63,0,1,0,1,60,,,,,,,1,33,23,1,solo9,72,40,1,0,60,0,0,,0,0,0,0,0,0,0,,0,0,0,0,0,0,1,0,0,0,0
2,64,0,1,0,1,60,,,,,,,1,45,85,1,solo6,216,40,1,0,60,0,0,,0,0,0,0,0,0,0,,0,0,0,0,0,0,1,0,0,0,0
3,1,0,1,0,1,60,,,,,,,1,14,96,1,solo6,324,40,1,0,60,0,0,,0,0,0,0,0,0,0,,0,0,0,0,0,0,1,0,0,0,0
3,2,0,1,0,1,60,,,,,,,1,69,52,1,solo12,162,40,1,0,60,0,0,,0,0,0,0,0,0,0,,0,0,0,0,0,0,1,0,0,0,0
3,3,0,1,0,1,60,,,,,,,1,6,90,1,solo6,126,40,1,0,60,0,0,,0,0,0,0,0,0,0,,0,0,0,0,0,0,1,0,0,0,0
3,4,0,1,0,1,60,,,,,,,1,100,4,1,solo9,90,40,1,0,60,0,0,,0,0,0,0,0,0,0,,0,0,0,0,0,0,1,0,0,0,0
3,5,0,1,0,1,60,,,,,,,1,14,56,1,solo11,72,40,1,0,60,0,0,,0,0,0,0,0,0,0,,0,0,0,0,0,0,1,0,0,0,0
3,6,0,1,0,1,60,,,,,,,1,21,78,1,solo11,0,40,1,0,60,0,0,,0,0,0,0,0,0,0,,0,0,0,0,0,0,1,0,0,0,0
3,7,0,1,0,1,60,,,,,,,1,99,63,1,solo12,288,40,1,0,60,0,0,,0,0,0,0,0,0,0,,0,0,0,0,0,0,1,0,0,0,0
3,8,0,1,0,1,60,,,,,,,1,67,33,1,solo11,306,40,1,0,60,0,0,,0,0,0,0,0,0,0,,0,0,0,0,0,0,1,0,0,0,0
3,9,0,1,0,1,60,,,,,,,1,67,48,1,solo7,144,40,1,0,60,0,0,,0,0,0,0,0,0,0,,0,0,0,0,0,0,1,0,0,0,0
3,10,0,1,0,1,60,,,,,,,1,20,81,1,solo5,126,40,1,0,60,0,0,,0,0,0,0,0,0,0,,0,0,0,0,0,0,1,0,0,0,0
3,11,0,1,0,1,60,,,,,,,1,15,40,1,solo11,270,40,1,0,60,0,0,,0,0,0,0,0,0,0,,0,0,0,0,0,0,1,0,0,0,0
3,12,0,1,0,1,60,,,,,,,1,14,76,1,solo7,90,40,1,0,60,0,0,,0,0,0,0,0,0,0,,0,0,0,0,0,0,1,0,0,0,0
3,13,0,1,0,1,60,,,,,,,1,70,22,1,solo10,342,40,1,0,60,0,0,,0,0,0,0,0,0,0,,0,0,0,0,0,0,1,0,0,0,0
3,14,0,1,0,1,60,,,,,,,1,59,53,1,solo11,234,40,1,0,60,0,0,,0,0,0,0,0,0,0,,0,0,0,0,0,0,1,0,0,0,0
3,15,0,1,0,1,60,,,,,,,1,21,39,1,solo6,324,40,1,0,60,0,0,,0,0,0,0,0,0,0,,0,0,0,0,0,0,1,0,0,0,0
3,16,0,1,0,1,60,,,,,,,1,94,23,1,solo9,54,40,1,0,60,0,0,,0,0,0,0,0,0,0,,0,0,0,0,0,0,1,0,0,0,0
3,17,0,1,0,1,60,,,,,,,1,5,98,1,solo12,90,40,1,0,60,0,0,,0,0,0,0,0,0,0,,0,0,0,0,0,0,1,0,0,0,0
3,18,0,1,0,1,60,,,,,,,1,95,17,1,solo7,54,40,1,0,60,0,0,,0,0,0,0,0,0,0,,0,0,0,0,0,0,1,0,0,0,0
3,19,0,1,0,1,60,,,,,,,1,53,34,1,solo7,108,40,1,0,60,0,0,,0,0,0,0,0,0,0,,0,0,0,0,0,0,1,0,0,0,0
3,20,0,1,0,1,60,,,,,,,1,16,50,1,solo12,126,40,1,0,60,0,0,,0,0,0,0,0,0,0,,0,0,0,0,0,0,1,0,0,0,0
3,21,0,1,0,1,60,,,,,,,1,45,99,1,solo10,324,40,1,0,60,0,0,,0,0,0,0,0,0,0,,0,0,0,0,0,0,1,0,0,0,0
3,22,0,1,0,1,60,,,,,,,1,96,52,1,solo3,126,40,1,0,60,0,0,,0,0,0,0,0,0,0,,0,0,0,0,0,0,1,0,0,0,0
3,23,0,1,0,1,60,,,,,,,1,88,3,1,solo7,270,40,1,0,60,0,0,,0,0,0,0,0,0,0,,0,0,0,0,0,0,1,0,0,0,0
3,24,0,1,0,1,60,,,,,,,1,72,71,1,solo7,234,40,1,0,60,0,0,,0,0,0,0,0,0,0,,0,0,0,0,0,0,1,0,0,0,0
3,25,0,1,0,1,60,,,,,,,1,38,82,1,solo5,342,40,1,0,60,0,0,,0,0,0,0,0,0,0,,0,0,0,0,0,0,1,0,0,0,0
3,26,0,1,0,1,60,,,,,,,1,39,94,1,solo7,72,40,1,0,60,0,0,,0,0,0,0,0,0,0,,0,0,0,0,0,0,1,0,0,0,0
3,27,0,1,0,1,60,,,,,,,1,17,9,1,solo9,198,40,1,0,60,0,0,,0,0,0,0,0,0,0,,0,0,0,0,0,0,1,0,0,0,0
3,28,0,1,0,1,60,,,,,,,1,36,47,1,solo5,288,40,1,0,60,0,0,,0,0,0,0,0,0,0,,0,0,0,0,0,0,1,0,0,0,0
3,29,0,1,0,1,60,,,,,,,1,32,47,1,solo12,180,40,1,0,60,0,0,,0,0,0,0,0,0,0,,0,0,0,0,0,0,1,0,0,0,0
3,30,0,1,0,1,60,,,,,,,1,39,39,1,solo10,108,40,1,0,60,0,0,,0,0,0,0,0,0,0,,0,0,0,0,0,0,1,0,0,0,0
3,31,0,1,0,1,60,,,,,,,1,0,94,1,solo3,234,40,1,0,60,0,0,,0,0,0,0,0,0,0,,0,0,0,0,0,0,1,0,0,0,0
3,32,0,1,0,1,60,,,,,,,1,43,84,1,solo3,198,40,1,0,60,0,0,,0,0,0,0,0,0,0,,0,0,0,0,0,0,1,0,0,0,0
3,33,0,1,0,1,60,,,,,,,1,78,22,1,solo3,216,40,1,0,60,0,0,,0,0,0,0,0,0,0,,0,0,0,0,0,0,1,0,0,0,0
3,34,0,1,0,1,60,,,,,,,1,94,56,1,solo5,72,40,1,0,60,0,0,,0,0,0,0,0,0,0,,0,0,0,0,0,0,1,0,0,0,0
3,35,0,1,0,1,60,,,,,,,1,38,39,1,solo5,288,40,1,0,60,0,0,,0,0,0,0,0,0,0,,0,0,0,0,0,0,1,0,0,0,0
3,36,0,1,0,1,60,,,,,,,1,82,90,1,solo11,36,40,1,0,60,0,0,,0,0,0,0,0,0,0,,0,0,0,0,0,0,1,0,0,0,0
3,37,0,1,0,1,60,,,,,,,1,92,65,1,solo7,342,40,1,0,60,0,0,,0,0,0,0,0,0,0,,0,0,0,0,0,0,1,0,0,0,0
3,38,0,1,0,1,60,,,,,,,1,15,89,1,solo10,144,40,1,0,60,0,0,,0,0,0,0,0,0,0,,0,0,0,0,0,0,1,0,0,0,0
3,39,0,1,0,1,60,,,,,,,1,88,50,1,solo10,252,40,1,0,60,0,0,,0,0,0,0,0,0,0,,0,0,0,0,0,0,1,0,0,0,0
3,40,0,1,0,1,60,,,,,,,1,68,31,1,solo9,324,40,1,0,60,0,0,,0,0,0,0,0,0,0,,0,0,0,0,0,0,1,0,0,0,0
3,41,0,1,0,1,60,,,,,,,1,17,10,1,solo5,270,40,1,0,60,0,0,,0,0,0,0,0,0,0,,0,0,0,0,0,0,1,0,0,0,0
3,42,0,1,0,1,60,,,,,,,1,90,72,1,solo11,72,40,1,0,60,0,0,,0,0,0,0,0,0,0,,0,0,0,0,0,0,1,0,0,0,0
3,43,0,1,0,1,60,,,,,,,1,42,84,1,solo5,234,40,1,0,60,0,0,,0,0,0,0,0,0,0,,0,0,0,0,0,0,1,0,0,0,0
3,44,0,1,0,1,60,,,,,,,1,31,35,1,solo12,180,40,1,0,60,0,0,,0,0,0,0,0,0,0,,0,0,0,0,0,0,1,0,0,0,0
3,45,0,1,0,1,60,,,,,,,1,20,31,1,solo10,108,40,1,0,60,0,0,,0,0,0,0,0,0,0,,0,0,0,0,0,0,1,0,0,0,0
3,46,0,1,0,1,60,,,,,,,1,80,33,1,solo12,18,40,1,0,60,0,0,,0,0,0,0,0,0,0,,0,0,0,0,0,0,1,0,0,0,0
3,47,0,1,0,1,60,,,,,,,1,59,74,1,solo10,90,40,1,0,60,0,0,,0,0,0,0,0,0,0,,0,0,0,0,0,0,1,0,0,0,0
3,48,0,1,0,1,60,,,,,,,1,97,6,1,solo6,252,40,1,0,60,0,0,,0,0,0,0,0,0,0,,0,0,0,0,0,0,1,0,0,0,0
3,49,0,1,0,1,60,,,,,,,1,42,52,1,solo6,90,40,1,0,60,0,0,,0,0,0,0,0,0,0,,0,0,0,0,0,0,1,0,0,0,0
3,50,0,1,0,1,60,,,,,,,1,9,50,1,solo7,126,40,1,0,60,0,0,,0,0,0,0,0,0,0,,0,0,0,0,0,0,1,0,0,0,0
3,51,0,1,0,1,60,,,,,,,1,21,59,1,solo12,18,40,1,0,60,0,0,,0,0,0,0,0,0,0,,0,0,0,0,0,0,1,0,0,0,0
3,52,0,1,0,1,60,,,,,,,1,24,22,1,solo3,162,40,1,0,60,0,0,,0,0,0,0,0,0,0,,0,0,0,0,0,0,1,0,0,0,0
3,53,0,1,0,1,60,,,,,,,1,55,64,1,solo11,162,40,1,0,60,0,0,,0,0,0,0,0,0,0,,0,0,0,0,0,0,1,0,0,0,0
3,54,0,1,0,1,60,,,,,,,1,61,38,1,solo3,36,40,1,0,60,0,0,,0,0,0,0,0,0,0,,0,0,0,0,0,0,1,0,0,0,0
3,55,0,1,0,1,60,,,,,,,1,45,13,1,solo5,342,40,1,0,60,0,0,,0,0,0,0,0,0,0,,0,0,0,0,0,0,1,0,0,0,0
3,56,0,1,0,1,60,,,,,,,1,25,82,1,solo3,216,40,1,0,60,0,0,,0,0,0,0,0,0,0,,0,0,0,0,0,0,1,0,0,0,0
3,57,0,1,0,1,60,,,,,,,1,96,5,1,solo5,342,40,1,0,60,0,0,,0,0,0,0,0,0,0,,0,0,0,0,0,0,1,0,0,0,0
3,58,0,1,0,1,60,,,,,,,1,31,58,1,solo5,54,40,1,0,60,0,0,,0,0,0,0,0,0,0,,0,0,0,0,0,0,1,0,0,0,0
3,59,0,1,0,1,60,,,,,,,1,50,68,1,solo9,162,40,1,0,60,0,0,,0,0,0,0,0,0,0,,0,0,0,0,0,0,1,0,0,0,0
3,60,0,1,0,1,60,,,,,,,1,92,61,1,solo9,126,40,1,0,60,0,0,,0,0,0,0,0,0,0,,0,0,0,0,0,0,1,0,0,0,0
3,61,0,1,0,1,60,,,,,,,1,24,16,1,solo11,72,40,1,0,60,0,0,,0,0,0,0,0,0,0,,0,0,0,0,0,0,1,0,0,0,0
3,62,0,1,0,1,60,,,,,,,1,75,8,1,solo11,288,40,1,0,60,0,0,,0,0,0,0,0,0,0,,0,0,0,0,0,0,1,0,0,0,0
3,63,0,1,0,1,60,,,,,,,1,63,9,1,solo5,18,40,1,0,60,0,0,,0,0,0,0,0,0,0,,0,0,0,0,0,0,1,0,0,0,0
3,64,0,1,0,1,60,,,,,,,1,26,84,1,solo10,306,40,1,0,60,0,0,,0,0,0,0,0,0,0,,0,0,0,0,0,0,1,0,0,0,0
4,1,0,1,0,1,60,,,,,,,1,38,74,1,solo6,162,40,1,0,60,0,0,,0,0,0,0,0,0,0,,0,0,0,0,0,0,1,0,0,0,0
4,2,0,1,0,1,60,,,,,,,1,90,35,1,solo7,162,40,1,0,60,0,0,,0,0,0,0,0,0,0,,0,0,0,0,0,0,1,0,0,0,0
4,3,0,1,0,1,60,,,,,,,1,19,43,1,solo11,324,40,1,0,60,0,0,,0,0,0,0,0,0,0,,0,0,0,0,0,0,1,0,0,0,0
4,4,0,1,0,1,60,,,,,,,1,69,50,1,solo5,162,40,1,0,60,0,0,,0,0,0,0,0,0,0,,0,0,0,0,0,0,1,0,0,0,0
4,5,0,1,0,1,60,,,,,,,1,57,35,1,solo5,270,40,1,0,60,0,0,,0,0,0,0,0,0,0,,0,0,0,0,0,0,1,0,0,0,0
4,6,0,1,0,1,60,,,,,,,1,45,61,1,solo12,126,40,1,0,60,0,0,,0,0,0,0,0,0,0,,0,0,0,0,0,0,1,0,0,0,0
4,7,0,1,0,1,60,,,,,,,1,53,61,1,solo10,18,40,1,0,60,0,0,,0,0,0,0,0,0,0,,0,0,0,0,0,0,1,0,0,0,0
4,8,0,1,0,1,60,,,,,,,1,84,25,1,solo6,18,40,1,0,60,0,0,,0,0,0,0,0,0,0,,0,0,0,0,0,0,1,0,0,0,0
4,9,0,1,0,1,60,,,,,,,1,56,49,1,solo11,108,40,1,0,60,0,0,,0,0,0,0,0,0,0,,0,0,0,0,0,0,1,0,0,0,0
4,10,0,1,0,1,60,,,,,,,1,90,22,1,solo7,18,40,1,0,60,0,0,,0,0,0,0,0,0,0,,0,0,0,0,0,0,1,0,0,0,0
4,11,0,1,0,1,60,,,,,,,1,64,9,1,solo6,36,40,1,0,60,0,0,,0,0,0,0,0,0,0,,0,0,0,0,0,0,1,0,0,0,0
4,12,0,1,0,1,60,,,,,,,1,63,77,1,solo7,342,40,1,0,60,0,0,,0,0,0,0,0,0,0,,0,0,0,0,0,0,1,0,0,0,0
4,13,0,1,0,1,60,,,,,,,1,55,77,1,solo11,162,40,1,0,60,0,0,,0,0,0,0,0,0,0,,0,0,0,0,0,0,1,0,0,0,0
4,14,0,1,0,1,60,,,,,,,1,53,49,1,solo3,216,40,1,0,60,0,0,,0,0,0,0,0,0,0,,0,0,0,0,0,0,1,0,0,0,0
4,15,0,1,0,1,60,,,,,,,1,24,43,1,solo9,0,40,1,0,60,0,0,,0,0,0,0,0,0,0,,0,0,0,0,0,0,1,0,0,0,0
4,16,0,1,0,1,60,,,,,,,1,2,68,1,solo7,72,40,1,0,60,0,0,,0,0,0,0,0,0,0,,0,0,0,0,0,0,1,0,0,0,0
4,17,0,1,0,1,60,,,,,,,1,55,66,1,solo3,18,40,1,0,60,0,0,,0,0,0,0,0,0,0,,0,0,0,0,0,0,1,0,0,0,0
4,18,0,1,0,1,60,,,,,,,1,32,46,1,solo6,252,40,1,0,60,0,0,,0,0,0,0,0,0,0,,0,0,0,0,0,0,1,0,0,0,0
4,19,0,1,0,1,60,,,,,,,1,69,31,1,solo10,126,40,1,0,60,0,0,,0,0,0,0,0,0,0,,0,0,0,0,0,0,1,0,0,0,0
4,20,0,1,0,1,60,,,,,,,1,23,70,1,solo6,144,40,1,0,60,0,0,,0,0,0,0,0,0,0,,0,0,0,0,0,0,1,0,0,0,0
4,21,0,1,0,1,60,,,,,,,1,41,29,1,solo3,90,40,1,0,60,0,0,,0,0,0,0,0,0,0,,0,0,0,0,0,0,1,0,0,0,0
4,22,0,1,0,1,60,,,,,,,1,42,26,1,solo7,90,40,1,0,60,0,0,,0,0,0,0,0,0,0,,0,0,0,0,0,0,1,0,0,0,0
4,23,0,1,0,1,60,,,,,,,1,97,58,1,solo6,72,40,1,0,60,0,0,,0,0,0,0,0,0,0,,0,0,0,0,0,0,1,0,0,0,0
4,24,0,1,0,1,60,,,,,,,1,76,64,1,solo3,108,40,1,0,60,0,0,,0,0,0,0,0,0,0,,0,0,0,0,0,0,1,0,0,0,0
4,25,0,1,0,1,60,,,,,,,1,82,86,1,solo7,90,40,1,0,60,0,0,,0,0,0,0,0,0,0,,0,0,0,0,0,0,1,0,0,0,0
4,26,0,1,0,1,60,,,,,,,1,74,79,1,solo7,234,40,1,0,60,0,0,,0,0,0,0,0,0,0,,0,0,0,0,0,0,1,0,0,0,0
4,27,0,1,0,1,60,,,,,,,1,7,36,1,solo3,0,40,1,0,60,0,0,,0,0,0,0,0,0,0,,0,0,0,0,0,0,1,0,0,0,0
4,28,0,1,0,1,60,,,,,,,1,26,33,1,solo6,342,40,1,0,60,0,0,,0,0,0,0,0,0,0,,0,0,0,0,0,0,1,0,0,0,0
4,29,0,1,0,1,60,,,,,,,1,68,4,1,solo10,252,40,1,0,60,0,0,,0,0,0,0,0,0,0,,0,0,0,0,0,0,1,0,0,0,0
4,30,0,1,0,1,60,,,,,,,1,21,21,1,solo5,90,40,1,0,60,0,0,,0,0,0,0,0,0,0,,0,0,0,0,0,0,1,0,0,0,0
4,31,0,1,0,1,60,,,,,,,1,4,17,1,solo12,54,40,1,0,60,0,0,,0,0,0,0,0,0,0,,0,0,0,0,0,0,1,0,0,0,0
4,32,0,1,0,1,60,,,,,,,1,89,18,1,solo5,108,40,1,0,60,0,0,,0,0,0,0,0,0,0,,0,0,0,0,0,0,1,0,0,0,0
4,33,0,1,0,1,60,,,,,,,1,53,67,1,solo7,324,40,1,0,60,0,0,,0,0,0,0,0,0,0,,0,0,0,0,0,0,1,0,0,0,0
4,34,0,1,0,1,60,,,,,,,1,21,67,1,solo9,252,40,1,0,60,0,0,,0,0,0,0,0,0,0,,0,0,0,0,0,0,1,0,0,0,0
4,35,0,1,0,1,60,,,,,,,1,8,81,1,solo7,342,40,1,0,60,0,0,,0,0,0,0,0,0,0,,0,0,0,0,0,0,1,0,0,0,0
4,36,0,1,0,1,60,,,,,,,1,42,30,1,solo11,198,40,1,0,60,0,0,,0,0,0,0,0,0,0,,0,0,0,0,0,0,1,0,0,0,0
4,37,0,1,0,1,60,,,,,,,1,65,19,1,solo11,0,40,1,0,60,0,0,,0,0,0,0,0,0,0,,0,0,0,0,0,0,1,0,0,0,0
4,38,0,1,0,1,60,,,,,,,1,52,22,1,solo10,0,40,1,0,60,0,0,,0,0,0,0,0,0,0,,0,0,0,0,0,0,1,0,0,0,0
4,39,0,1,0,1,60,,,,,,,1,26,69,1,solo7,36,40,1,0,60,0,0,,0,0,0,0,0,0,0,,0,0,0,0,0,0,1,0,0,0,0
4,40,0,1,0,1,60,,,,,,,1,67,8,1,solo7,180,40,1,0,60,0,0,,0,0,0,0,0,0,0,,0,0,0,0,0,0,1,0,0,0,0
4,41,0,1,0,1,60,,,,,,,1,83,54,1,solo10,72,40,1,0,60,0,0,,0,0,0,0,0,0,0,,0,0,0,0,0,0,1,0,0,0,0
4,42,0,1,0,1,60,,,,,,,1,78,100,1,solo10,216,40,1,0,60,0,0,,0,0,0,0,0,0,0,,0,0,0,0,0,0,1,0,0,0,0
4,43,0,1,0,1,60,,,,,,,1,58,29,1,solo5,252,40,1,0,60,0,0,,0,0,0,0,0,0,0,,0,0,0,0,0,0,1,0,0,0,0
4,44,0,1,0,1,60,,,,,,,1,67,33,1,solo3,0,40,1,0,60,0,0,,0,0,0,0,0,0,0,,0,0,0,0,0,0,1,0,0,0,0
4,45,0,1,0,1,60,,,,,,,1,30,60,1,solo9,306,40,1,0,60,0,0,,0,0,0,0,0,0,0,,0,0,0,0,0,0,1,0,0,0,0
4,46,0,1,0,1,60,,,,,,,1,85,15,1,solo11,234,40,1,0,60,0,0,,0,0,0,0,0,0,0,,0,0,0,0,0,0,1,0,0,0,0
4,47,0,1,0,1,60,,,,,,,1,94,32,1,solo6,342,40,1,0,60,0,0,,0,0,0,0,0,0,0,,0,0,0,0,0,0,1,0,0,0,0
4,48,0,1,0,1,60,,,,,,,1,27,19,1,solo12,126,40,1,0,60,0,0,,0,0,0,0,0,0,0,,0,0,0,0,0,0,1,0,0,0,0
4,49,0,1,0,1,60,,,,,,,1,19,29,1,solo11,126,40,1,0,60,0,0,,0,0,0,0,0,0,0,,0,0,0,0,0,0,1,0,0,0,0
4,50,0,1,0,1,60,,,,,,,1,68,54,1,solo11,288,40,1,0,60,0,0,,0,0,0,0,0,0,0,,0,0,0,0,0,0,1,0,0,0,0
4,51,0,1,0,1,60,,,,,,,1,28,78,1,solo7,144,40,1,0,60,0,0,,0,0,0,0,0,0,0,,0,0,0,0,0,0,1,0,0,0,0
4,52,0,1,0,1,60,,,,,,,1,56,40,1,solo11,126,40,1,0,60,0,0,,0,0,0,0,0,0,0,,0,0,0,0,0,0,1,0,0,0,0
4,53,0,1,0,1,60,,,,,,,1,48,10,1,solo9,234,40,1,0,60,0,0,,0,0,0,0,0,0,0,,0,0,0,0,0,0,1,0,0,0,0
4,54,0,1,0,1,60,,,,,,,1,88,7,1,solo6,198,40,1,0,60,0,0,,0,0,0,0,0,0,0,,0,0,0,0,0,0,1,0,0,0,0
4,55,0,1,0,1,60,,,,,,,1,26,55,1,solo12,306,40,1,0,60,0,0,,0,0,0,0,0,0,0,,0,0,0,0,0,0,1,0,0,0,0
4,56,0,1,0,1,60,,,,,,,1,85,65,1,solo9,36,40,1,0,60,0,0,,0,0,0,0,0,0,0,,0,0,0,0,0,0,1,0,0,0,0
4,57,0,1,0,1,60,,,,,,,1,22,59,1,solo7,144,40,1,0,60,0,0,,0,0,0,0,0,0,0,,0,0,0,0,0,0,1,0,0,0,0
4,58,0,1,0,1,60,,,,,,,1,7,46,1,solo11,270,40,1,0,60,0,0,,0,0,0,0,0,0,0,,0,0,0,0,0,0,1,0,0,0,0
4,59,0,1,0,1,60,,,,,,,1,69,49,1,solo3,72,40,1,0,60,0,0,,0,0,0,0,0,0,0,,0,0,0,0,0,0,1,0,0,0,0
4,60,0,1,0,1,60,,,,,,,1,20,75,1,solo5,234,40,1,0,60,0,0,,0,0,0,0,0,0,0,,0,0,0,0,0,0,1,0,0,0,0
4,61,0,1,0,1,60,,,,,,,1,7,41,1,solo9,18,40,1,0,60,0,0,,0,0,0,0,0,0,0,,0,0,0,0,0,0,1,0,0,0,0
4,62,0,1,0,1,60,,,,,,,1,44,34,1,solo11,306,40,1,0,60,0,0,,0,0,0,0,0,0,0,,0,0,0,0,0,0,1,0,0,0,0
4,63,0,1,0,1,60,,,,,,,1,92,25,1,solo7,288,40,1,0,60,0,0,,0,0,0,0,0,0,0,,0,0,0,0,0,0,1,0,0,0,0
4,64,0,1,0,1,60,,,,,,,1,3,24,1,solo12,0,40,1,0,60,0,0,,0,0,0,0,0,0,0,,0,0,0,0,0,0,1,0,0,0,0
5,1,0,1,0,1,60,,,,,,,1,5,63,1,solo6,216,40,1,0,60,0,0,,0,0,0,0,0,0,0,,0,0,0,0,0,0,1,0,0,0,0
5,2,0,1,0,1,60,,,,,,,1,31,96,1,solo9,108,40,1,0,60,0,0,,0,0,0,0,0,0,0,,0,0,0,0,0,0,1,0,0,0,0
5,3,0,1,0,1,60,,,,,,,1,22,5,1,solo5,270,40,1,0,60,0,0,,0,0,0,0,0,0,0,,0,0,0,0,0,0,1,0,0,0,0
5,4,0,1,0,1,60,,,,,,,1,90,21,1,solo9,18,40,1,0,60,0,0,,0,0,0,0,0,0,0,,0,0,0,0,0,0,1,0,0,0,0
5,5,0,1,0,1,60,,,,,,,1,41,61,1,solo10,72,40,1,0,60,0,0,,0,0,0,0,0,0,0,,0,0,0,0,0,0,1,0,0,0,0
5,6,0,1,0,1,60,,,,,,,1,30,89,1,solo5,234,40,1,0,60,0,0,,0,0,0,0,0,0,0,,0,0,0,0,0,0,1,0,0,0,0
5,7,0,1,0,1,60,,,,,,,1,88,63,1,solo5,108,40,1,0,60,0,0,,0,0,0,0,0,0,0,,0,0,0,0,0,0,1,0,0,0,0
5,8,0,1,0,1,60,,,,,,,1,96,15,1,solo11,0,40,1,0,60,0,0,,0,0,0,0,0,0,0,,0,0,0,0,0,0,1,0,0,0,0
5,9,0,1,0,1,60,,,,,,,1,35,76,1,solo9,180,40,1,0,60,0,0,,0,0,0,0,0,0,0,,0,0,0,0,0,0,1,0,0,0,0
5,10,0,1,0,1,60,,,,,,,1,97,44,1,solo7,288,40,1,0,60,0,0,,0,0,0,0,0,0,0,,0,0,0,0,0,0,1,0,0,0,0
5,11,0,1,0,1,60,,,,,,,1,40,64,1,solo3,0,40,1,0,60,0,0,,0,0,0,0,0,0,0,,0,0,0,0,0,0,1,0,0,0,0
5,12,0,1,0,1,60,,,,,,,1,18,91,1,solo10,198,40,1,0,60,0,0,,0,0,0,0,0,0,0,,0,0,0,0,0,0,1,0,0,0,0
5,13,0,1,0,1,60,,,,,,,1,7,41,1,solo11,306,40,1,0,60,0,0,,0,0,0,0,0,0,0,,0,0,0,0,0,0,1,0,0,0,0
5,14,0,1,0,1,60,,,,,,,1,69,82,1,solo11,126,40,1,0,60,0,0,,0,0,0,0,0,0,0,,0,0,0,0,0,0,1,0,0,0,0
5,15,0,1,0,1,60,,,,,,,1,58,59,1,solo12,252,40,1,0,60,0,0,,0,0,0,0,0,0,0,,0,0,0,0,0,0,1,0,0,0,0
5,16,0,1,0,1,60,,,,,,,1,39,6,1,solo5,288,40,1,0,60,0,0,,0,0,0,0,0,0,0,,0,0,0,0,0,0,1,0,0,0,0
5,17,0,1,0,1,60,,,,,,,1,1,11,1,solo6,108,40,1,0,60,0,0,,0,0,0,0,0,0,0,,0,0,0,0,0,0,1,0,0,0,0
5,18,0,1,0,1,60,,,,,,,1,50,70,1,solo12,252,40,1,0,60,0,0,,0,0,0,0,0,0,0,,0,0,0,0,0,0,1,0,0,0,0
5,19,0,1,0,1,60,,,,,,,1,89,74,1,solo9,288,40,1,0,60,0,0,,0,0,0,0,0,0,0,,0,0,0,0,0,0,1,0,0,0,0
5,20,0,1,0,1,60,,,,,,,1,15,46,1,solo3,126,40,1,0,60,0,0,,0,0,0,0,0,0,0,,0,0,0,0,0,0,1,0,0,0,0
5,21,0,1,0,1,60,,,,,,,1,82,95,1,solo3,324,40,1,0,60,0,0,,0,0,0,0,0,0,0,,0,0,0,0,0,0,1,0,0,0,0
5,22,0,1,0,1,60,,,,,,,1,59,7,1,solo6,306,40,1,0,60,0,0,,0,0,0,0,0,0,0,,0,0,0,0,0,0,1,0,0,0,0
5,23,0,1,0,1,60,,,,,,,1,49,14,1,solo10,342,40,1,0,60,0,0,,0,0,0,0,0,0,0,,0,0,0,0,0,0,1,0,0,0,0
5,24,0,1,0,1,60,,,,,,,1,56,46,1,solo10,288,40,1,0,60,0,0,,0,0,0,0,0,0,0,,0,0,0,0,0,0,1,0,0,0,0
5,25,0,1,0,1,60,,,,,,,1,49,68,1,solo3,36,40,1,0,60,0,0,,0,0,0,0,0,0,0,,0,0,0,0,0,0,1,0,0,0,0
5,26,0,1,0,1,60,,,,,,,1,12,32,1,solo9,126,40,1,0,60,0,0,,0,0,0,0,0,0,0,,0,0,0,0,0,0,1,0,0,0,0
5,27,0,1,0,1,60,,,,,,,1,83,35,1,solo11,306,40,1,0,60,0,0,,0,0,0,0,0,0,0,,0,0,0,0,0,0,1,0,0,0,0
5,28,0,1,0,1,60,,,,,,,1,52,26,1,solo7,144,40,1,0,60,0,0,,0,0,0,0,0,0,0,,0,0,0,0,0,0,1,0,0,0,0
5,29,0,1,0,1,60,,,,,,,1,9,23,1,solo3,162,40,1,0,60,0,0,,0,0,0,0,0,0,0,,0,0,0,0,0,0,1,0,0,0,0
5,30,0,1,0,1,60,,,,,,,1,28,74,1,solo5,108,40,1,0,60,0,0,,0,0,0,0,0,0,0,,0,0,0,0,0,0,1,0,0,0,0
5,31,0,1,0,1,60,,,,,,,1,13,47,1,solo9,216,40,1,0,60,0,0,,0,0,0,0,0,0,0,,0,0,0,0,0,0,1,0,0,0,0
5,32,0,1,0,1,60,,,,,,,1,57,78,1,solo11,252,40,1,0,60,0,0,,0,0,0,0,0,0,0,,0,0,0,0,0,0,1,0,0,0,0
5,33,0,1,0,1,60,,,,,,,1,88,64,1,solo5,234,40,1,0,60,0,0,,0,0,0,0,0,0,0,,0,0,0,0,0,0,1,0,0,0,0
5,34,0,1,0,1,60,,,,,,,1,1,91,1,solo3,270,40,1,0,60,0,0,,0,0,0,0,0,0,0,,0,0,0,0,0,0,1,0,0,0,0
5,35,0,1,0,1,60,,,,,,,1,23,66,1,solo3,288,40,1,0,60,0,0,,0,0,0,0,0,0,0,,0,0,0,0,0,0,1,0,0,0,0
5,36,0,1,0,1,60,,,,,,,1,6,3,1,solo6,270,40,1,0,60,0,0,,0,0,0,0,0,0,0,,0,0,0,0,0,0,1,0,0,0,0
5,37,0,1,0,1,60,,,,,,,1,99,53,1,solo7,108,40,1,0,60,0,0,,0,0,0,0,0,0,0,,0,0,0,0,0,0,1,0,0,0,0
5,38,0,1,0,1,60,,,,,,,1,38,22,1,solo5,18,40,1,0,60,0,0,,0,0,0,0,0,0,0,,0,0,0,0,0,0,1,0,0,0,0
5,39,0,1,0,1,60,,,,,,,1,9,68,1,solo7,288,40,1,0,60,0,0,,0,0,0,0,0,0,0,,0,0,0,0,0,0,1,0,0,0,0
5,40,0,1,0,1,60,,,,,,,1,45,52,1,solo7,306,40,1,0,60,0,0,,0,0,0,0,0,0,0,,0,0,0,0,0,0,1,0,0,0,0
5,41,0,1,0,1,60,,,,,,,1,37,87,1,solo3,72,40,1,0,60,0,0,,0,0,0,0,0,0,0,,0,0,0,0,0,0,1,0,0,0,0
5,42,0,1,0,1,60,,,,,,,1,52,11,1,solo11,216,40,1,0,60,0,0,,0,0,0,0,0,0,0,,0,0,0,0,0,0,1,0,0,0,0
5,43,0,1,0,1,60,,,,,,,1,65,18,1,solo11,198,40,1,0,60,0,0,,0,0,0,0,0,0,0,,0,0,0,0,0,0,1,0,0,0,0
5,44,0,1,0,1,60,,,,,,,1,4,36,1,solo3,108,40,1,0,60,0,0,,0,0,0,0,0,0,0,,0,0,0,0,0,0,1,0,0,0,0
5,45,0,1,0,1,60,,,,,,,1,33,63,1,solo3,198,40,1,0,60,0,0,,0,0,0,0,0,0,0,,0,0,0,0,0,0,1,0,0,0,0
5,46,0,1,0,1,60,,,,,,,1,27,55,1,solo5,36,40,1,0,60,0,0,,0,0,0,0,0,0,0,,0,0,0,0,0,0,1,0,0,0,0
5,47,0,1,0,1,60,,,,,,,1,81,41,1,solo7,252,40,1,0,60,0,0,,0,0,0,0,0,0,0,,0,0,0,0,0,0,1,0,0,0,0
5,48,0,1,0,1,60,,,,,,,1,95,1,1,solo12,252,40,1,0,60,0,0,,0,0,0,0,0,0,0,,0,0,0,0,0,0,1,0,0,0,0
5,49,0,1,0,1,60,,,,,,,1,52,26,1,solo9,216,40,1,0,60,0,0,,0,0,0,0,0,0,0,,0,0,0,0,0,0,1,0,0,0,0
5,50,0,1,0,1,60,,,,,,,1,54,55,1,solo11,180,40,1,0,60,0,0,,0,0,0,0,0,0,0,,0,0,0,0,0,0,1,0,0,0,0
5,51,0,1,0,1,60,,,,,,,1,54,37,1,solo12,36,40,1,0,60,0,0,,0,0,0,0,0,0,0,,0,0,0,0,0,0,1,0,0,0,0
5,52,0,1,0,1,60,,,,,,,1,9,65,1,solo12,144,40,1,0,60,0,0,,0,0,0,0,0,0,0,,0,0,0,0,0,0,1,0,0,0,0
5,53,0,1,0,1,60,,,,,,,1,51,87,1,solo3,126,40,1,0,60,0,0,,0,0,0,0,0,0,0,,0,0,0,0,0,0,1,0,0,0,0
5,54,0,1,0,1,60,,,,,,,1,37,9,1,solo9,288,40,1,0,60,0,0,,0,0,0,0,0,0,0,,0,0,0,0,0,0,1,0,0,0,0
5,55,0,1,0,1,60,,,,,,,1,62,80,1,solo9,0,40,1,0,60,0,0,,0,0,0,0,0,0,0,,0,0,0,0,0,0,1,0,0,0,0
5,56,0,1,0,1,60,,,,,,,1,92,99,1,solo9,342,40,1,0,60,0,0,,0,0,0,0,0,0,0,,0,0,0,0,0,0,1,0,0,0,0
5,57,0,1,0,1,60,,,,,,,1,46,50,1,solo7,144,40,1,0,60,0,0,,0,0,0,0,0,0,0,,0,0,0,0,0,0,1,0,0,0,0
5,58,0,1,0,1,60,,,,,,,1,9,15,1,solo6,162,40,1,0,60,0,0,,0,0,0,0,0,0,0,,0,0,0,0,0,0,1,0,0,0,0
5,59,0,1,0,1,60,,,,,,,1,51,47,1,solo11,72,40,1,0,60,0,0,,0,0,0,0,0,0,0,,0,0,0,0,0,0,1,0,0,0,0
5,60,0,1,0,1,60,,,,,,,1,1,77,1,solo9,270,40,1,0,60,0,0,,0,0,0,0,0,0,0,,0,0,0,0,0,0,1,0,0,0,0
5,61,0,1,0,1,60,,,,,,,1,31,63,1,solo7,162,40,1,0,60,0,0,,0,0,0,0,0,0,0,,0,0,0,0,0,0,1,0,0,0,0
5,62,0,1,0,1,60,,,,,,,1,18,15,1,solo9,306,40,1,0,60,0,0,,0,0,0,0,0,0,0,,0,0,0,0,0,0,1,0,0,0,0
5,63,0,1,0,1,60,,,,,,,1,67,56,1,solo11,234,40,1,0,60,0,0,,0,0,0,0,0,0,0,,0,0,0,0,0,0,1,0,0,0,0
5,64,0,1,0,1,60,,,,,,,1,41,92,1,solo6,342,40,1,0,60,0,0,,0,0,0,0,0,0,0,,0,0,0,0,0,0,1,0,0,0,0
6,1,0,1,0,1,60,,,,,,,1,97,24,1,solo3,126,40,1,0,60,0,0,,0,0,0,0,0,0,0,,0,0,0,0,0,0,1,0,0,0,0
6,2,0,1,0,1,60,,,,,,,1,26,39,1,solo6,216,40,1,0,60,0,0,,0,0,0,0,0,0,0,,0,0,0,0,0,0,1,0,0,0,0
6,3,0,1,0,1,60,,,,,,,1,18,70,1,solo3,126,40,1,0,60,0,0,,0,0,0,0,0,0,0,,0,0,0,0,0,0,1,0,0,0,0
6,4,0,1,0,1,60,,,,,,,1,58,96,1,solo9,252,40,1,0,60,0,0,,0,0,0,0,0,0,0,,0,0,0,0,0,0,1,0,0,0,0
6,5,0,1,0,1,60,,,,,,,1,27,75,1,solo6,234,40,1,0,60,0,0,,0,0,0,0,0,0,0,,0,0,0,0,0,0,1,0,0,0,0
6,6,0,1,0,1,60,,,,,,,1,16,27,1,solo10,288,40,1,0,60,0,0,,0,0,0,0,0,0,0,,0,0,0,0,0,0,1,0,0,0,0
6,7,0,1,0,1,60,,,,,,,1,19,75,1,solo7,180,40,1,0,60,0,0,,0,0,0,0,0,0,0,,0,0,0,0,0,0,1,0,0,0,0
6,8,0,1,0,1,60,,,,,,,1,67,26,1,solo10,306,40,1,0,60,0,0,,0,0,0,0,0,0,0,,0,0,0,0,0,0,1,0,0,0,0
6,9,0,1,0,1,60,,,,,,,1,20,84,1,solo5,216,40,1,0,60,0,0,,0,0,0,0,0,0,0,,0,0,0,0,0,0,1,0,0,0,0
6,10,0,1,0,1,60,,,,,,,1,24,43,1,solo6,342,40,1,0,60,0,0,,0,0,0,0,0,0,0,,0,0,0,0,0,0,1,0,0,0,0
6,11,0,1,0,1,60,,,,,,,1,92,42,1,solo3,234,40,1,0,60,0,0,,0,0,0,0,0,0,0,,0,0,0,0,0,0,1,0,0,0,0
6,12,0,1,0,1,60,,,,,,,1,95,53,1,solo10,180,40,1,0,60,0,0,,0,0,0,0,0,0,0,,0,0,0,0,0,0,1,0,0,0,0
6,13,0,1,0,1,60,,,,,,,1,18,34,1,solo11,306,40,1,0,60,0,0,,0,0,0,0,0,0,0,,0,0,0,0,0,0,1,0,0,0,0
6,14,0,1,0,1,60,,,,,,,1,7,8,1,solo6,90,40,1,0,60,0,0,,0,0,0,0,0,0,0,,0,0,0,0,0,0,1,0,0,0,0
6,15,0,1,0,1,60,,,,,,,1,47,82,1,solo6,0,40,1,0,60,0,0,,0,0,0,0,0,0,0,,0,0,0,0,0,0,1,0,0,0,0
6,16,0,1,0,1,60,,,,,,,1,5,66,1,solo12,216,40,1,0,60,0,0,,0,0,0,0,0,0,0,,0,0,0,0,0,0,1,0,0,0,0
6,17,0,1,0,1,60,,,,,,,1,97,19,1,solo11,198,40,1,0,60,0,0,,0,0,0,0,0,0,0,,0,0,0,0,0,0,1,0,0,0,0
6,18,0,1,0,1,60,,,,,,,1,23,29,1,solo3,288,40,1,0,60,0,0,,0,0,0,0,0,0,0,,0,0,0,0,0,0,1,0,0,0,0
6,19,0,1,0,1,60,,,,,,,1,96,4,1,solo5,270,40,1,0,60,0,0,,0,0,0,0,0,0,0,,0,0,0,0,0,0,1,0,0,0,0
6,20,0,1,0,1,60,,,,,,,1,74,66,1,solo12,252,40,1,0,60,0,0,,0,0,0,0,0,0,0,,0,0,0,0,0,0,1,0,0,0,0
6,21,0,1,0,1,60,,,,,,,1,65,80,1,solo3,198,40,1,0,60,0,0,,0,0,0,0,0,0,0,,0,0,0,0,0,0,1,0,0,0,0
6,22,0,1,0,1,60,,,,,,,1,98,1,1,solo11,324,40,1,0,60,0,0,,0,0,0,0,0,0,0,,0,0,0,0,0,0,1,0,0,0,0
6,23,0,1,0,1,60,,,,,,,1,32,45,1,solo6,162,40,1,0,60,0,0,,0,0,0,0,0,0,0,,0,0,0,0,0,0,1,0,0,0,0
6,24,0,1,0,1,60,,,,,,,1,42,55,1,solo5,234,40,1,0,60,0,0,,0,0,0,0,0,0,0,,0,0,0,0,0,0,1,0,0,0,0
6,25,0,1,0,1,60,,,,,,,1,41,42,1,solo5,72,40,1,0,60,0,0,,0,0,0,0,0,0,0,,0,0,0,0,0,0,1,0,0,0,0
6,26,0,1,0,1,60,,,,,,,1,88,82,1,solo5,72,40,1,0,60,0,0,,0,0,0,0,0,0,0,,0,0,0,0,0,0,1,0,0,0,0
6,27,0,1,0,1,60,,,,,,,1,38,22,1,solo7,144,40,1,0,60,0,0,,0,0,0,0,0,0,0,,0,0,0,0,0,0,1,0,0,0,0
6,28,0,1,0,1,60,,,,,,,1,99,32,1,solo12,306,40,1,0,60,0,0,,0,0,0,0,0,0,0,,0,0,0,0,0,0,1,0,0,0,0
6,29,0,1,0,1,60,,,,,,,1,16,51,1,solo10,270,40,1,0,60,0,0,,0,0,0,0,0,0,0,,0,0,0,0,0,0,1,0,0,0,0
6,30,0,1,0,1,60,,,,,,,1,23,23,1,solo9,108,40,1,0,60,0,0,,0,0,0,0,0,0,0,,0,0,0,0,0,0,1,0,0,0,0
6,31,0,1,0,1,60,,,,,,,1,97,60,1,solo12,216,40,1,0,60,0,0,,0,0,0,0,0,0,0,,0,0,0,0,0,0,1,0,0,0,0
6,32,0,1,0,1,60,,,,,,,1,31,12,1,solo7,72,40,1,0,60,0,0,,0,0,0,0,0,0,0,,0,0,0,0,0,0,1,0,0,0,0
6,33,0,1,0,1,60,,,,,,,1,53,45,1,solo3,54,40,1,0,60,0,0,,0,0,0,0,0,0,0,,0,0,0,0,0,0,1,0,0,0,0
6,34,0,1,0,1,60,,,,,,,1,4,84,1,solo11,36,40,1,0,60,0,0,,0,0,0,0,0,0,0,,0,0,0,0,0,0,1,0,0,0,0
6,35,0,1,0,1,60,,,,,,,1,35,23,1,solo11,144,40,1,0,60,0,0,,0,0,0,0,0,0,0,,0,0,0,0,0,0,1,0,0,0,0
6,36,0,1,0,1,60,,,,,,,1,51,36,1,solo9,54,40,1,0,60,0,0,,0,0,0,0,0,0,0,,0,0,0,0,0,0,1,0,0,0,0
6,37,0,1,0,1,60,,,,,,,1,10,61,1,solo7,234,40,1,0,60,0,0,,0,0,0,0,0,0,0,,0,0,0,0,0,0,1,0,0,0,0
6,38,0,1,0,1,60,,,,,,,1,78,56,1,solo7,36,40,1,0,60,0,0,,0,0,0,0,0,0,0,,0,0,0,0,0,0,1,0,0,0,0
6,39,0,1,0,1,60,,,,,,,1,37,11,1,solo11,270,40,1,0,60,0,0,,0,0,0,0,0,0,0,,0,0,0,0,0,0,1,0,0,0,0
6,40,0,1,0,1,60,,,,,,,1,89,40,1,solo6,288,40,1,0,60,0,0,,0,0,0,0,0,0,0,,0,0,0,0,0,0,1,0,0,0,0
6,41,0,1,0,1,60,,,,,,,1,88,55,1,solo5,198,40,1,0,60,0,0,,0,0,0,0,0,0,0,,0,0,0,0,0,0,1,0,0,0,0
6,42,0,1,0,1,60,,,,,,,1,75,37,1,solo6,288,40,1,0,60,0,0,,0,0,0,0,0,0,0,,0,0,0,0,0,0,1,0,0,0,0
6,43,0,1,0,1,60,,,,,,,1,82,2,1,solo6,144,40,1,0,60,0,0,,0,0,0,0,0,0,0,,0,0,0,0,0,0,1,0,0,0,0
6,44,0,1,0,1,60,,,,,,,1,97,25,1,solo5,90,40,1,0,60,0,0,,0,0,0,0,0,0,0,,0,0,0,0,0,0,1,0,0,0,0
6,45,0,1,0,1,60,,,,,,,1,23,42,1,solo9,180,40,1,0,60,0,0,,0,0,0,0,0,0,0,,0,0,0,0,0,0,1,0,0,0,0
6,46,0,1,0,1,60,,,,,,,1,72,86,1,solo5,270,40,1,0,60,0,0,,0,0,0,0,0,0,0,,0,0,0,0,0,0,1,0,0,0,0
6,47,0,1,0,1,60,,,,,,,1,59,41,1,solo3,216,40,1,0,60,0,0,,0,0,0,0,0,0,0,,0,0,0,0,0,0,1,0,0,0,0
6,48,0,1,0,1,60,,,,,,,1,4,85,1,solo6,198,40,1,0,60,0,0,,0,0,0,0,0,0,0,,0,0,0,0,0,0,1,0,0,0,0
6,49,0,1,0,1,60,,,,,,,1,11,22,1,solo3,198,40,1,0,60,0,0,,0,0,0,0,0,0,0,,0,0,0,0,0,0,1,0,0,0,0
6,50,0,1,0,1,60,,,,,,,1,57,7,1,solo7,162,40,1,0,60,0,0,,0,0,0,0,0,0,0,,0,0,0,0,0,0,1,0,0,0,0
6,51,0,1,0,1,60,,,,,,,1,82,33,1,solo3,180,40,1,0,60,0,0,,0,0,0,0,0,0,0,,0,0,0,0,0,0,1,0,0,0,0
6,52,0,1,0,1,60,,,,,,,1,24,86,1,solo10,234,40,1,0,60,0,0,,0,0,0,0,0,0,0,,0,0,0,0,0,0,1,0,0,0,0
6,53,0,1,0,1,60,,,,,,,1,37,33,1,solo10,216,40,1,0,60,0,0,,0,0,0,0,0,0,0,,0,0,0,0,0,0,1,0,0,0,0
6,54,0,1,0,1,60,,,,,,,1,53,69,1,solo11,54,40,1,0,60,0,0,,0,0,0,0,0,0,0,,0,0,0,0,0,0,1,0,0,0,0
6,55,0,1,0,1,60,,,,,,,1,88,26,1,solo12,216,40,1,0,60,0,0,,0,0,0,0,0,0,0,,0,0,0,0,0,0,1,0,0,0,0
6,56,0,1,0,1,60,,,,,,,1,54,14,1,solo12,72,40,1,0,60,0,0,,0,0,0,0,0,0,0,,0,0,0,0,0,0,1,0,0,0,0
6,57,0,1,0,1,60,,,,,,,1,37,41,1,solo12,306,40,1,0,60,0,0,,0,0,0,0,0,0,0,,0,0,0,0,0,0,1,0,0,0,0
6,58,0,1,0,1,60,,,,,,,1,47,29,1,solo10,306,40,1,0,60,0,0,,0,0,0,0,0,0,0,,0,0,0,0,0,0,1,0,0,0,0
6,59,0,1,0,1,60,,,,,,,1,1,91,1,solo9,90,40,1,0,60,0,0,,0,0,0,0,0,0,0,,0,0,0,0,0,0,1,0,0,0,0
6,60,0,1,0,1,60,,,,,,,1,52,62,1,solo7,90,40,1,0,60,0,0,,0,0,0,0,0,0,0,,0,0,0,0,0,0,1,0,0,0,0
6,61,0,1,0,1,60,,,,,,,1,73,61,1,solo3,180,40,1,0,60,0,0,,0,0,0,0,0,0,0,,0,0,0,0,0,0,1,0,0,0,0
6,62,0,1,0,1,60,,,,,,,1,90,95,1,solo12,126,40,1,0,60,0,0,,0,0,0,0,0,0,0,,0,0,0,0,0,0,1,0,0,0,0
6,63,0,1,0,1,60,,,,,,,1,72,84,1,solo6,180,40,1,0,60,0,0,,0,0,0,0,0,0,0,,0,0,0,0,0,0,1,0,0,0,0
6,64,0,1,0,1,60,,,,,,,1,99,65,1,solo9,342,40,1,0,60,0,0,,0,0,0,0,0,0,0,,0,0,0,0,0,0,1,0,0,0,0
7,1,0,1,0,1,60,,,,,,,1,79,90,1,solo7,126,40,1,0,60,0,0,,0,0,0,0,0,0,0,,0,0,0,0,0,0,1,0,0,0,0
7,2,0,1,0,1,60,,,,,,,1,12,24,1,solo9,108,40,1,0,60,0,0,,0,0,0,0,0,0,0,,0,0,0,0,0,0,1,0,0,0,0
7,3,0,1,0,1,60,,,,,,,1,90,37,1,solo12,198,40,1,0,60,0,0,,0,0,0,0,0,0,0,,0,0,0,0,0,0,1,0,0,0,0
7,4,0,1,0,1,60,,,,,,,1,45,79,1,solo11,108,40,1,0,60,0,0,,0,0,0,0,0,0,0,,0,0,0,0,0,0,1,0,0,0,0
7,5,0,1,0,1,60,,,,,,,1,95,60,1,solo7,162,40,1,0,60,0,0,,0,0,0,0,0,0,0,,0,0,0,0,0,0,1,0,0,0,0
7,6,0,1,0,1,60,,,,,,,1,67,41,1,solo12,306,40,1,0,60,0,0,,0,0,0,0,0,0,0,,0,0,0,0,0,0,1,0,0,0,0
7,7,0,1,0,1,60,,,,,,,1,27,84,1,solo11,198,40,1,0,60,0,0,,0,0,0,0,0,0,0,,0,0,0,0,0,0,1,0,0,0,0
7,8,0,1,0,1,60,,,,,,,1,86,27,1,solo10,324,40,1,0,60,0,0,,0,0,0,0,0,0,0,,0,0,0,0,0,0,1,0,0,0,0
7,9,0,1,0,1,60,,,,,,,1,44,73,1,solo3,18,40,1,0,60,0,0,,0,0,0,0,0,0,0,,0,0,0,0,0,0,1,0,0,0,0
7,10,0,1,0,1,60,,,,,,,1,62,6,1,solo5,36,40,1,0,60,0,0,,0,0,0,0,0,0,0,,0,0,0,0,0,0,1,0,0,0,0
7,11,0,1,0,1,60,,,,,,,1,48,68,1,solo11,252,40,1,0,60,0,0,,0,0,0,0,0,0,0,,0,0,0,0,0,0,1,0,0,0,0
7,12,0,1,0,1,60,,,,,,,1,20,18,1,solo12,162,40,1,0,60,0,0,,0,0,0,0,0,0,0,,0,0,0,0,0,0,1,0,0,0,0
7,13,0,1,0,1,60,,,,,,,1,88,90,1,solo6,198,40,1,0,60,0,0,,0,0,0,0,0,0,0,,0,0,0,0,0,0,1,0,0,0,0
7,14,0,1,0,1,60,,,,,,,1,59,60,1,solo5,342,40,1,0,60,0,0,,0,0,0,0,0,0,0,,0,0,0,0,0,0,1,0,0,0,0
7,15,0,1,0,1,60,,,,,,,1,85,69,1,solo11,180,40,1,0,60,0,0,,0,0,0,0,0,0,0,,0,0,0,0,0,0,1,0,0,0,0
7,16,0,1,0,1,60,,,,,,,1,67,84,1,solo3,36,40,1,0,60,0,0,,0,0,0,0,0,0,0,,0,0,0,0,0,0,1,0,0,0,0
7,17,0,1,0,1,60,,,,,,,1,51,19,1,solo3,234,40,1,0,60,0,0,,0,0,0,0,0,0,0,,0,0,0,0,0,0,1,0,0,0,0
7,18,0,1,0,1,60,,,,,,,1,59,82,1,solo5,252,40,1,0,60,0,0,,0,0,0,0,0,0,0,,0,0,0,0,0,0,1,0,0,0,0
7,19,0,1,0,1,60,,,,,,,1,62,86,1,solo9,234,40,1,0,60,0,0,,0,0,0,0,0,0,0,,0,0,0,0,0,0,1,0,0,0,0
7,20,0,1,0,1,60,,,,,,,1,27,69,1,solo6,288,40,1,0,60,0,0,,0,0,0,0,0,0,0,,0,0,0,0,0,0,1,0,0,0,0
7,21,0,1,0,1,60,,,,,,,1,51,73,1,solo10,306,40,1,0,60,0,0,,0,0,0,0,0,0,0,,0,0,0,0,0,0,1,0,0,0,0
7,22,0,1,0,1,60,,,,,,,1,59,46,1,solo3,0,40,1,0,60,0,0,,0,0,0,0,0,0,0,,0,0,0,0,0,0,1,0,0,0,0
7,23,0,1,0,1,60,,,,,,,1,53,78,1,solo12,180,40,1,0,60,0,0,,0,0,0,0,0,0,0,,0,0,0,0,0,0,1,0,0,0,0
7,24,0,1,0,1,60,,,,,,,1,2,17,1,solo11,288,40,1,0,60,0,0,,0,0,0,0,0,0,0,,0,0,0,0,0,0,1,0,0,0,0
7,25,0,1,0,1,60,,,,,,,1,82,65,1,solo3,180,40,1,0,60,0,0,,0,0,0,0,0,0,0,,0,0,0,0,0,0,1,0,0,0,0
7,26,0,1,0,1,60,,,,,,,1,8,25,1,solo3,0,40,1,0,60,0,0,,0,0,0,0,0,0,0,,0,0,0,0,0,0,1,0,0,0,0
7,27,0,1,0,1,60,,,,,,,1,86,99,1,solo12,234,40,1,0,60,0,0,,0,0,0,0,0,0,0,,0,0,0,0,0,0,1,0,0,0,0
7,28,0,1,0,1,60,,,,,,,1,38,46,1,solo5,288,40,1,0,60,0,0,,0,0,0,0,0,0,0,,0,0,0,0,0,0,1,0,0,0,0
7,29,0,1,0,1,60,,,,,,,1,16,79,1,solo6,270,40,1,0,60,0,0,,0,0,0,0,0,0,0,,0,0,0,0,0,0,1,0,0,0,0
7,30,0,1,0,1,60,,,,,,,1,56,84,1,solo10,288,40,1,0,60,0,0,,0,0,0,0,0,0,0,,0,0,0,0,0,0,1,0,0,0,0
7,31,0,1,0,1,60,,,,,,,1,72,84,1,solo10,306,40,1,0,60,0,0,,0,0,0,0,0,0,0,,0,0,0,0,0,0,1,0,0,0,0
7,32,0,1,0,1,60,,,,,,,1,79,18,1,solo6,36,40,1,0,60,0,0,,0,0,0,0,0,0,0,,0,0,0,0,0,0,1,0,0,0,0
7,33,0,1,0,1,60,,,,,,,1,80,6,1,solo3,0,40,1,0,60,0,0,,0,0,0,0,0,0,0,,0,0,0,0,0,0,1,0,0,0,0
7,34,0,1,0,1,60,,,,,,,1,80,33,1,solo3,162,40,1,0,60,0,0,,0,0,0,0,0,0,0,,0,0,0,0,0,0,1,0,0,0,0
7,35,0,1,0,1,60,,,,,,,1,44,48,1,solo7,54,40,1,0,60,0,0,,0,0,0,0,0,0,0,,0,0,0,0,0,0,1,0,0,0,0
7,36,0,1,0,1,60,,,,,,,1,14,94,1,solo12,270,40,1,0,60,0,0,,0,0,0,0,0,0,0,,0,0,0,0,0,0,1,0,0,0,0
7,37,0,1,0,1,60,,,,,,,1,53,13,1,solo6,90,40,1,0,60,0,0,,0,0,0,0,0,0,0,,0,0,0,0,0,0,1,0,0,0,0
7,38,0,1,0,1,60,,,,,,,1,43,56,1,solo7,180,40,1,0,60,0,0,,0,0,0,0,0,0,0,,0,0,0,0,0,0,1,0,0,0,0
7,39,0,1,0,1,60,,,,,,,1,46,5,1,solo11,342,40,1,0,60,0,0,,0,0,0,0,0,0,0,,0,0,0,0,0,0,1,0,0,0,0
7,40,0,1,0,1,60,,,,,,,1,49,19,1,solo11,180,40,1,0,60,0,0,,0,0,0,0,0,0,0,,0,0,0,0,0,0,1,0,0,0,0
7,41,0,1,0,1,60,,,,,,,1,43,45,1,solo5,18,40,1,0,60,0,0,,0,0,0,0,0,0,0,,0,0,0,0,0,0,1,0,0,0,0
7,42,0,1,0,1,60,,,,,,,1,19,16,1,solo5,90,40,1,0,60,0,0,,0,0,0,0,0,0,0,,0,0,0,0,0,0,1,0,0,0,0
7,43,0,1,0,1,60,,,,,,,1,52,69,1,solo6,162,40,1,0,60,0,0,,0,0,0,0,0,0,0,,0,0,0,0,0,0,1,0,0,0,0
7,44,0,1,0,1,60,,,,,,,1,11,18,1,solo3,36,40,1,0,60,0,0,,0,0,0,0,0,0,0,,0,0,0,0,0,0,1,0,0,0,0
7,45,0,1,0,1,60,,,,,,,1,99,25,1,solo11,324,40,1,0,60,0,0,,0,0,0,0,0,0,0,,0,0,0,0,0,0,1,0,0,0,0
7,46,0,1,0,1,60,,,,,,,1,30,29,1,solo10,324,40,1,0,60,0,0,,0,0,0,0,0,0,0,,0,0,0,0,0,0,1,0,0,0,0
7,47,0,1,0,1,60,,,,,,,1,45,74,1,solo6,270,40,1,0,60,0,0,,0,0,0,0,0,0,0,,0,0,0,0,0,0,1,0,0,0,0
7,48,0,1,0,1,60,,,,,,,1,17,31,1,solo12,90,40,1,0,60,0,0,,0,0,0,0,0,0,0,,0,0,0,0,0,0,1,0,0,0,0
7,49,0,1,0,1,60,,,,,,,1,59,48,1,solo9,324,40,1,0,60,0,0,,0,0,0,0,0,0,0,,0,0,0,0,0,0,1,0,0,0,0
7,50,0,1,0,1,60,,,,,,,1,76,14,1,solo11,162,40,1,0,60,0,0,,0,0,0,0,0,0,0,,0,0,0,0,0,0,1,0,0,0,0
7,51,0,1,0,1,60,,,,,,,1,24,21,1,solo9,126,40,1,0,60,0,0,,0,0,0,0,0,0,0,,0,0,0,0,0,0,1,0,0,0,0
7,52,0,1,0,1,60,,,,,,,1,99,24,1,solo11,36,40,1,0,60,0,0,,0,0,0,0,0,0,0,,0,0,0,0,0,0,1,0,0,0,0
7,53,0,1,0,1,60,,,,,,,1,19,2,1,solo10,180,40,1,0,60,0,0,,0,0,0,0,0,0,0,,0,0,0,0,0,0,1,0,0,0,0
7,54,0,1,0,1,60,,,,,,,1,53,63,1,solo5,18,40,1,0,60,0,0,,0,0,0,0,0,0,0,,0,0,0,0,0,0,1,0,0,0,0
7,55,0,1,0,1,60,,,,,,,1,31,43,1,solo11,18,40,1,0,60,0,0,,0,0,0,0,0,0,0,,0,0,0,0,0,0,1,0,0,0,0
7,56,0,1,0,1,60,,,,,,,1,43,92,1,solo9,36,40,1,0,60,0,0,,0,0,0,0,0,0,0,,0,0,0,0,0,0,1,0,0,0,0
7,57,0,1,0,1,60,,,,,,,1,6,19,1,solo11,126,40,1,0,60,0,0,,0,0,0,0,0,0,0,,0,0,0,0,0,0,1,0,0,0,0
7,58,0,1,0,1,60,,,,,,,1,80,86,1,solo5,324,40,1,0,60,0,0,,0,0,0,0,0,0,0,,0,0,0,0,0,0,1,0,0,0,0
7,59,0,1,0,1,60,,,,,,,1,53,48,1,solo9,180,40,1,0,60,0,0,,0,0,0,0,0,0,0,,0,0,0,0,0,0,1,0,0,0,0
7,60,0,1,0,1,60,,,,,,,1,6,80,1,solo10,216,40,1,0,60,0,0,,0,0,0,0,0,0,0,,0,0,0,0,0,0,1,0,0,0,0
7,61,0,1,0,1,60,,,,,,,1,76,37,1,solo6,144,40,1,0,60,0,0,,0,0,0,0,0,0,0,,0,0,0,0,0,0,1,0,0,0,0
7,62,0,1,0,1,60,,,,,,,1,50,64,1,solo9,342,40,1,0,60,0,0,,0,0,0,0,0,0,0,,0,0,0,0,0,0,1,0,0,0,0
7,63,0,1,0,1,60,,,,,,,1,93,1,1,solo7,162,40,1,0,60,0,0,,0,0,0,0,0,0,0,,0,0,0,0,0,0,1,0,0,0,0
7,64,0,1,0,1,60,,,,,,,1,59,91,1,solo10,126,40,1,0,60,0,0,,0,0,0,0,0,0,0,,0,0,0,0,0,0,1,0,0,0,0
8,1,0,1,0,1,60,,,,,,,1,69,60,1,solo11,252,40,1,0,60,0,0,,0,0,0,0,0,0,0,,0,0,0,0,0,0,1,0,0,0,0
8,2,0,1,0,1,60,,,,,,,1,2,36,1,solo6,90,40,1,0,60,0,0,,0,0,0,0,0,0,0,,0,0,0,0,0,0,1,0,0,0,0
8,3,0,1,0,1,60,,,,,,,1,10,77,1,solo3,288,40,1,0,60,0,0,,0,0,0,0,0,0,0,,0,0,0,0,0,0,1,0,0,0,0
8,4,0,1,0,1,60,,,,,,,1,79,69,1,solo9,234,40,1,0,60,0,0,,0,0,0,0,0,0,0,,0,0,0,0,0,0,1,0,0,0,0
8,5,0,1,0,1,60,,,,,,,1,21,72,1,solo6,90,40,1,0,60,0,0,,0,0,0,0,0,0,0,,0,0,0,0,0,0,1,0,0,0,0
8,6,0,1,0,1,60,,,,,,,1,54,11,1,solo11,162,40,1,0,60,0,0,,0,0,0,0,0,0,0,,0,0,0,0,0,0,1,0,0,0,0
8,7,0,1,0,1,60,,,,,,,1,90,19,1,solo7,108,40,1,0,60,0,0,,0,0,0,0,0,0,0,,0,0,0,0,0,0,1,0,0,0,0
8,8,0,1,0,1,60,,,,,,,1,32,30,1,solo10,144,40,1,0,60,0,0,,0,0,0,0,0,0,0,,0,0,0,0,0,0,1,0,0,0,0
8,9,0,1,0,1,60,,,,,,,1,29,0,1,solo10,342,40,1,0,60,0,0,,0,0,0,0,0,0,0,,0,0,0,0,0,0,1,0,0,0,0
8,10,0,1,0,1,60,,,,,,,1,24,45,1,solo7,324,40,1,0,60,0,0,,0,0,0,0,0,0,0,,0,0,0,0,0,0,1,0,0,0,0
8,11,0,1,0,1,60,,,,,,,1,76,18,1,solo12,108,40,1,0,60,0,0,,0,0,0,0,0,0,0,,0,0,0,0,0,0,1,0,0,0,0
8,12,0,1,0,1,60,,,,,,,1,12,21,1,solo9,288,40,1,0,60,0,0,,0,0,0,0,0,0,0,,0,0,0,0,0,0,1,0,0,0,0
8,13,0,1,0,1,60,,,,,,,1,46,91,1,solo9,270,40,1,0,60,0,0,,0,0,0,0,0,0,0,,0,0,0,0,0,0,1,0,0,0,0
8,14,0,1,0,1,60,,,,,,,1,16,81,1,solo3,324,40,1,0,60,0,0,,0,0,0,0,0,0,0,,0,0,0,0,0,0,1,0,0,0,0
8,15,0,1,0,1,60,,,,,,,1,38,22,1,solo5,54,40,1,0,60,0,0,,0,0,0,0,0,0,0,,0,0,0,0,0,0,1,0,0,0,0
8,16,0,1,0,1,60,,,,,,,1,59,76,1,solo10,144,40,1,0,60,0,0,,0,0,0,0,0,0,0,,0,0,0,0,0,0,1,0,0,0,0
8,17,0,1,0,1,60,,,,,,,1,92,79,1,solo6,18,40,1,0,60,0,0,,0,0,0,0,0,0,0,,0,0,0,0,0,0,1,0,0,0,0
8,18,0,1,0,1,60,,,,,,,1,45,66,1,solo5,270,40,1,0,60,0,0,,0,0,0,0,0,0,0,,0,0,0,0,0,0,1,0,0,0,0
8,19,0,1,0,1,60,,,,,,,1,60,19,1,solo10,18,40,1,0,60,0,0,,0,0,0,0,0,0,0,,0,0,0,0,0,0,1,0,0,0,0
8,20,0,1,0,1,60,,,,,,,1,45,87,1,solo7,234,40,1,0,60,0,0,,0,0,0,0,0,0,0,,0,0,0,0,0,0,1,0,0,0,0
8,21,0,1,0,1,60,,,,,,,1,60,39,1,solo9,90,40,1,0,60,0,0,,0,0,0,0,0,0,0,,0,0,0,0,0,0,1,0,0,0,0
8,22,0,1,0,1,60,,,,,,,1,31,44,1,solo5,72,40,1,0,60,0,0,,0,0,0,0,0,0,0,,0,0,0,0,0,0,1,0,0,0,0
8,23,0,1,0,1,60,,,,,,,1,10,89,1,solo11,234,40,1,0,60,0,0,,0,0,0,0,0,0,0,,0,0,0,0,0,0,1,0,0,0,0
8,24,0,1,0,1,60,,,,,,,1,16,88,1,solo7,306,40,1,0,60,0,0,,0,0,0,0,0,0,0,,0,0,0,0,0,0,1,0,0,0,0
8,25,0,1,0,1,60,,,,,,,1,99,4,1,solo12,18,40,1,0,60,0,0,,0,0,0,0,0,0,0,,0,0,0,0,0,0,1,0,0,0,0
8,26,0,1,0,1,60,,,,,,,1,52,8,1,solo9,0,40,1,0,60,0,0,,0,0,0,0,0,0,0,,0,0,0,0,0,0,1,0,0,0,0
8,27,0,1,0,1,60,,,,,,,1,44,24,1,solo6,198,40,1,0,60,0,0,,0,0,0,0,0,0,0,,0,0,0,0,0,0,1,0,0,0,0
8,28,0,1,0,1,60,,,,,,,1,52,98,1,solo5,72,40,1,0,60,0,0,,0,0,0,0,0,0,0,,0,0,0,0,0,0,1,0,0,0,0
8,29,0,1,0,1,60,,,,,,,1,69,55,1,solo3,126,40,1,0,60,0,0,,0,0,0,0,0,0,0,,0,0,0,0,0,0,1,0,0,0,0
8,30,0,1,0,1,60,,,,,,,1,68,7,1,solo10,306,40,1,0,60,0,0,,0,0,0,0,0,0,0,,0,0,0,0,0,0,1,0,0,0,0
8,31,0,1,0,1,60,,,,,,,1,58,15,1,solo9,126,40,1,0,60,0,0,,0,0,0,0,0,0,0,,0,0,0,0,0,0,1,0,0,0,0
8,32,0,1,0,1,60,,,,,,,1,89,78,1,solo11,54,40,1,0,60,0,0,,0,0,0,0,0,0,0,,0,0,0,0,0,0,1,0,0,0,0
8,33,0,1,0,1,60,,,,,,,1,11,4,1,solo10,270,40,1,0,60,0,0,,0,0,0,0,0,0,0,,0,0,0,0,0,0,1,0,0,0,0
8,34,0,1,0,1,60,,,,,,,1,87,49,1,solo7,198,40,1,0,60,0,0,,0,0,0,0,0,0,0,,0,0,0,0,0,0,1,0,0,0,0
8,35,0,1,0,1,60,,,,,,,1,3,93,1,solo3,216,40,1,0,60,0,0,,0,0,0,0,0,0,0,,0,0,0,0,0,0,1,0,0,0,0
8,36,0,1,0,1,60,,,,,,,1,64,72,1,solo7,324,40,1,0,60,0,0,,0,0,0,0,0,0,0,,0,0,0,0,0,0,1,0,0,0,0
8,37,0,1,0,1,60,,,,,,,1,32,96,1,solo7,0,40,1,0,60,0,0,,0,0,0,0,0,0,0,,0,0,0,0,0,0,1,0,0,0,0
8,38,0,1,0,1,60,,,,,,,1,16,1,1,solo12,180,40,1,0,60,0,0,,0,0,0,0,0,0,0,,0,0,0,0,0,0,1,0,0,0,0
8,39,0,1,0,1,60,,,,,,,1,33,31,1,solo10,126,40,1,0,60,0,0,,0,0,0,0,0,0,0,,0,0,0,0,0,0,1,0,0,0,0
8,40,0,1,0,1,60,,,,,,,1,96,1,1,solo7,306,40,1,0,60,0,0,,0,0,0,0,0,0,0,,0,0,0,0,0,0,1,0,0,0,0
8,41,0,1,0,1,60,,,,,,,1,42,40,1,solo9,144,40,1,0,60,0,0,,0,0,0,0,0,0,0,,0,0,0,0,0,0,1,0,0,0,0
8,42,0,1,0,1,60,,,,,,,1,70,17,1,solo12,144,40,1,0,60,0,0,,0,0,0,0,0,0,0,,0,0,0,0,0,0,1,0,0,0,0
8,43,0,1,0,1,60,,,,,,,1,4,89,1,solo3,108,40,1,0,60,0,0,,0,0,0,0,0,0,0,,0,0,0,0,0,0,1,0,0,0,0
8,44,0,1,0,1,60,,,,,,,1,69,19,1,solo3,252,40,1,0,60,0,0,,0,0,0,0,0,0,0,,0,0,0,0,0,0,1,0,0,0,0
8,45,0,1,0,1,60,,,,,,,1,40,9,1,solo5,18,40,1,0,60,0,0,,0,0,0,0,0,0,0,,0,0,0,0,0,0,1,0,0,0,0
8,46,0,1,0,1,60,,,,,,,1,0,22,1,solo12,72,40,1,0,60,0,0,,0,0,0,0,0,0,0,,0,0,0,0,0,0,1,0,0,0,0
8,47,0,1,0,1,60,,,,,,,1,97,55,1,solo9,288,40,1,0,60,0,0,,0,0,0,0,0,0,0,,0,0,0,0,0,0,1,0,0,0,0
8,48,0,1,0,1,60,,,,,,,1,41,52,1,solo6,180,40,1,0,60,0,0,,0,0,0,0,0,0,0,,0,0,0,0,0,0,1,0,0,0,0
8,49,0,1,0,1,60,,,,,,,1,35,18,1,solo11,306,40,1,0,60,0,0,,0,0,0,0,0,0,0,,0,0,0,0,0,0,1,0,0,0,0
8,50,0,1,0,1,60,,,,,,,1,41,87,1,solo9,18,40,1,0,60,0,0,,0,0,0,0,0,0,0,,0,0,0,0,0,0,1,0,0,0,0
8,51,0,1,0,1,60,,,,,,,1,67,14,1,solo10,54,40,1,0,60,0,0,,0,0,0,0,0,0,0,,0,0,0,0,0,0,1,0,0,0,0
8,52,0,1,0,1,60,,,,,,,1,10,23,1,solo12,324,40,1,0,60,0,0,,0,0,0,0,0,0,0,,0,0,0,0,0,0,1,0,0,0,0
8,53,0,1,0,1,60,,,,,,,1,2,80,1,solo6,270,40,1,0,60,0,0,,0,0,0,0,0,0,0,,0,0,0,0,0,0,1,0,0,0,0
8,54,0,1,0,1,60,,,,,,,1,93,3,1,solo12,306,40,1,0,60,0,0,,0,0,0,0,0,0,0,,0,0,0,0,0,0,1,0,0,0,0
8,55,0,1,0,1,60,,,,,,,1,73,43,1,solo10,90,40,1,0,60,0,0,,0,0,0,0,0,0,0,,0,0,0,0,0,0,1,0,0,0,0
8,56,0,1,0,1,60,,,,,,,1,48,26,1,solo12,324,40,1,0,60,0,0,,0,0,0,0,0,0,0,,0,0,0,0,0,0,1,0,0,0,0
8,57,0,1,0,1,60,,,,,,,1,85,1,1,solo10,144,40,1,0,60,0,0,,0,0,0,0,0,0,0,,0,0,0,0,0,0,1,0,0,0,0
8,58,0,1,0,1,60,,,,,,,1,44,46,1,solo10,90,40,1,0,60,0,0,,0,0,0,0,0,0,0,,0,0,0,0,0,0,1,0,0,0,0
8,59,0,1,0,1,60,,,,,,,1,77,59,1,solo5,54,40,1,0,60,0,0,,0,0,0,0,0,0,0,,0,0,0,0,0,0,1,0,0,0,0
8,60,0,1,0,1,60,,,,,,,1,95,67,1,solo3,90,40,1,0,60,0,0,,0,0,0,0,0,0,0,,0,0,0,0,0,0,1,0,0,0,0
8,61,0,1,0,1,60,,,,,,,1,86,43,1,solo5,270,40,1,0,60,0,0,,0,0,0,0,0,0,0,,0,0,0,0,0,0,1,0,0,0,0
8,62,0,1,0,1,60,,,,,,,1,87,84,1,solo12,126,40,1,0,60,0,0,,0,0,0,0,0,0,0,,0,0,0,0,0,0,1,0,0,0,0
8,63,0,1,0,1,60,,,,,,,1,86,66,1,solo5,36,40,1,0,60,0,0,,0,0,0,0,0,0,0,,0,0,0,0,0,0,1,0,0,0,0
8,64,0,1,0,1,60,,,,,,,1,49,52,1,solo5,108,40,1,0,60,0,0,,0,0,0,0,0,0,0,,0,0,0,0,0,0,1,0,0,0,0
