1,1,0,1,0,1,60,,,,,,,1,69,50,1,solo6,216,40,1,0,60,0,0,,0,0,0,0,0,0,0,,0,0,0,0,0,0,1,0,0,0,0
1,2,0,1,0,1,60,,,,,,,1,44,34,1,solo11,198,40,1,0,60,0,0,,0,0,0,0,0,0,0,,0,0,0,0,0,0,1,0,0,0,0
1,3,0,1,0,1,60,,,,,,,1,0,99,1,solo6,18,40,1,0,60,0,0,,0,0,0,0,0,0,0,,0,0,0,0,0,0,1,0,0,0,0
1,4,0,1,0,1,60,,,,,,,1,80,33,1,solo3,0,40,1,0,60,0,0,,0,0,0,0,0,0,0,,0,0,0,0,0,0,1,0,0,0,0
1,5,0,1,0,1,60,,,,,,,1,89,54,1,solo3,180,40,1,0,60,0,0,,0,0,0,0,0,0,0,,0,0,0,0,0,0,1,0,0,0,0
1,6,0,1,0,1,60,,,,,,,1,89,19,1,solo3,252,40,1,0,60,0,0,,0,0,0,0,0,0,0,,0,0,0,0,0,0,1,0,0,0,0
1,7,0,1,0,1,60,,,,,,,1,36,100,1,solo12,36,40,1,0,60,0,0,,0,0,0,0,0,0,0,,0,0,0,0,0,0,1,0,0,0,0
1,8,0,1,0,1,60,,,,,,,1,66,70,1,solo9,90,40,1,0,60,0,0,,0,0,0,0,0,0,0,,0,0,0,0,0,0,1,0,0,0,0
1,9,0,1,0,1,60,,,,,,,1,68,99,1,solo9,144,40,1,0,60,0,0,,0,0,0,0,0,0,0,,0,0,0,0,0,0,1,0,0,0,0
1,10,0,1,0,1,60,,,,,,,1,32,71,1,solo11,54,40,1,0,60,0,0,,0,0,0,0,0,0,0,,0,0,0,0,0,0,1,0,0,0,0
1,11,0,1,0,1,60,,,,,,,1,5,30,1,solo11,108,40,1,0,60,0,0,,0,0,0,0,0,0,0,,0,0,0,0,0,0,1,0,0,0,0
1,12,0,1,0,1,60,,,,,,,1,85,16,1,solo9,306,40,1,0,60,0,0,,0,0,0,0,0,0,0,,0,0,0,0,0,0,1,0,0,0,0
1,13,0,1,0,1,60,,,,,,,1,33,78,1,solo11,234,40,1,0,60,0,0,,0,0,0,0,0,0,0,,0,0,0,0,0,0,1,0,0,0,0
1,14,0,1,0,1,60,,,,,,,1,89,26,1,solo3,126,40,1,0,60,0,0,,0,0,0,0,0,0,0,,0,0,0,0,0,0,1,0,0,0,0
1,15,0,1,0,1,60,,,,,,,1,72,66,1,solo3,198,40,1,0,60,0,0,,0,0,0,0,0,0,0,,0,0,0,0,0,0,1,0,0,0,0
1,16,0,1,0,1,60,,,,,,,1,67,62,1,solo9,18,40,1,0,60,0,0,,0,0,0,0,0,0,0,,0,0,0,0,0,0,1,0,0,0,0
1,17,0,1,0,1,60,,,,,,,1,71,17,1,solo7,288,40,1,0,60,0,0,,0,0,0,0,0,0,0,,0,0,0,0,0,0,1,0,0,0,0
1,18,0,1,0,1,60,,,,,,,1,96,7,1,solo6,234,40,1,0,60,0,0,,0,0,0,0,0,0,0,,0,0,0,0,0,0,1,0,0,0,0
1,19,0,1,0,1,60,,,,,,,1,22,4,1,solo11,288,40,1,0,60,0,0,,0,0,0,0,0,0,0,,0,0,0,0,0,0,1,0,0,0,0
1,20,0,1,0,1,60,,,,,,,1,82,89,1,solo3,270,40,1,0,60,0,0,,0,0,0,0,0,0,0,,0,0,0,0,0,0,1,0,0,0,0
1,21,0,1,0,1,60,,,,,,,1,68,85,1,solo12,54,40,1,0,60,0,0,,0,0,0,0,0,0,0,,0,0,0,0,0,0,1,0,0,0,0
1,22,0,1,0,1,60,,,,,,,1,17,93,1,solo10,90,40,1,0,60,0,0,,0,0,0,0,0,0,0,,0,0,0,0,0,0,1,0,0,0,0
1,23,0,1,0,1,60,,,,,,,1,32,45,1,solo3,216,40,1,0,60,0,0,,0,0,0,0,0,0,0,,0,0,0,0,0,0,1,0,0,0,0
1,24,0,1,0,1,60,,,,,,,1,22,35,1,solo10,216,40,1,0,60,0,0,,0,0,0,0,0,0,0,,0,0,0,0,0,0,1,0,0,0,0
1,25,0,1,0,1,60,,,,,,,1,56,6,1,solo5,54,40,1,0,60,0,0,,0,0,0,0,0,0,0,,0,0,0,0,0,0,1,0,0,0,0
1,26,0,1,0,1,60,,,,,,,1,23,52,1,solo3,180,40,1,0,60,0,0,,0,0,0,0,0,0,0,,0,0,0,0,0,0,1,0,0,0,0
1,27,0,1,0,1,60,,,,,,,1,55,19,1,solo10,126,40,1,0,60,0,0,,0,0,0,0,0,0,0,,0,0,0,0,0,0,1,0,0,0,0
1,28,0,1,0,1,60,,,,,,,1,32,32,1,solo12,144,40,1,0,60,0,0,,0,0,0,0,0,0,0,,0,0,0,0,0,0,1,0,0,0,0
1,29,0,1,0,1,60,,,,,,,1,82,10,1,solo3,126,40,1,0,60,0,0,,0,0,0,0,0,0,0,,0,0,0,0,0,0,1,0,0,0,0
1,30,0,1,0,1,60,,,,,,,1,39,42,1,solo7,36,40,1,0,60,0,0,,0,0,0,0,0,0,0,,0,0,0,0,0,0,1,0,0,0,0
1,31,0,1,0,1,60,,,,,,,1,74,93,1,solo11,72,40,1,0,60,0,0,,0,0,0,0,0,0,0,,0,0,0,0,0,0,1,0,0,0,0
1,32,0,1,0,1,60,,,,,,,1,83,88,1,solo5,162,40,1,0,60,0,0,,0,0,0,0,0,0,0,,0,0,0,0,0,0,1,0,0,0,0
1,33,0,1,0,1,60,,,,,,,1,1,40,1,solo12,216,40,1,0,60,0,0,,0,0,0,0,0,0,0,,0,0,0,0,0,0,1,0,0,0,0
1,34,0,1,0,1,60,,,,,,,1,89,87,1,solo11,108,40,1,0,60,0,0,,0,0,0,0,0,0,0,,0,0,0,0,0,0,1,0,0,0,0
1,35,0,1,0,1,60,,,,,,,1,88,65,1,solo6,198,40,1,0,60,0,0,,0,0,0,0,0,0,0,,0,0,0,0,0,0,1,0,0,0,0
1,36,0,1,0,1,60,,,,,,,1,3,75,1,solo5,126,40,1,0,60,0,0,,0,0,0,0,0,0,0,,0,0,0,0,0,0,1,0,0,0,0
1,37,0,1,0,1,60,,,,,,,1,42,29,1,solo10,90,40,1,0,60,0,0,,0,0,0,0,0,0,0,,0,0,0,0,0,0,1,0,0,0,0
1,38,0,1,0,1,60,,,,,,,1,23,75,1,solo12,234,40,1,0,60,0,0,,0,0,0,0,0,0,0,,0,0,0,0,0,0,1,0,0,0,0
1,39,0,1,0,1,60,,,,,,,1,41,25,1,solo11,162,40,1,0,60,0,0,,0,0,0,0,0,0,0,,0,0,0,0,0,0,1,0,0,0,0
1,40,0,1,0,1,60,,,,,,,1,5,31,1,solo6,108,40,1,0,60,0,0,,0,0,0,0,0,0,0,,0,0,0,0,0,0,1,0,0,0,0
1,41,0,1,0,1,60,,,,,,,1,96,20,1,solo6,54,40,1,0,60,0,0,,0,0,0,0,0,0,0,,0,0,0,0,0,0,1,0,0,0,0
1,42,0,1,0,1,60,,,,,,,1,8,1,1,solo6,0,40,1,0,60,0,0,,0,0,0,0,0,0,0,,0,0,0,0,0,0,1,0,0,0,0
1,43,0,1,0,1,60,,,,,,,1,37,10,1,solo10,108,40,1,0,60,0,0,,0,0,0,0,0,0,0,,0,0,0,0,0,0,1,0,0,0,0
1,44,0,1,0,1,60,,,,,,,1,44,49,1,solo5,144,40,1,0,60,0,0,,0,0,0,0,0,0,0,,0,0,0,0,0,0,1,0,0,0,0
1,45,0,1,0,1,60,,,,,,,1,80,100,1,solo5,216,40,1,0,60,0,0,,0,0,0,0,0,0,0,,0,0,0,0,0,0,1,0,0,0,0
1,46,0,1,0,1,60,,,,,,,1,3,32,1,solo10,198,40,1,0,60,0,0,,0,0,0,0,0,0,0,,0,0,0,0,0,0,1,0,0,0,0
1,47,0,1,0,1,60,,,,,,,1,40,17,1,solo10,162,40,1,0,60,0,0,,0,0,0,0,0,0,0,,0,0,0,0,0,0,1,0,0,0,0
1,48,0,1,0,1,60,,,,,,,1,97,81,1,solo6,108,40,1,0,60,0,0,,0,0,0,0,0,0,0,,0,0,0,0,0,0,1,0,0,0,0
1,49,0,1,0,1,60,,,,,,,1,94,9,1,solo5,90,40,1,0,60,0,0,,0,0,0,0,0,0,0,,0,0,0,0,0,0,1,0,0,0,0
1,50,0,1,0,1,60,,,,,,,1,24,35,1,solo6,234,40,1,0,60,0,0,,0,0,0,0,0,0,0,,0,0,0,0,0,0,1,0,0,0,0
1,51,0,1,0,1,60,,,,,,,1,94,61,1,solo11,342,40,1,0,60,0,0,,0,0,0,0,0,0,0,,0,0,0,0,0,0,1,0,0,0,0
1,52,0,1,0,1,60,,,,,,,1,49,74,1,solo3,162,40,1,0,60,0,0,,0,0,0,0,0,0,0,,0,0,0,0,0,0,1,0,0,0,0
1,53,0,1,0,1,60,,,,,,,1,68,93,1,solo3,270,40,1,0,60,0,0,,0,0,0,0,0,0,0,,0,0,0,0,0,0,1,0,0,0,0
1,54,0,1,0,1,60,,,,,,,1,8,73,1,solo9,342,40,1,0,60,0,0,,0,0,0,0,0,0,0,,0,0,0,0,0,0,1,0,0,0,0
1,55,0,1,0,1,60,,,,,,,1,57,11,1,solo11,216,40,1,0,60,0,0,,0,0,0,0,0,0,0,,0,0,0,0,0,0,1,0,0,0,0
1,56,0,1,0,1,60,,,,,,,1,100,76,1,solo6,144,40,1,0,60,0,0,,0,0,0,0,0,0,0,,0,0,0,0,0,0,1,0,0,0,0
1,57,0,1,0,1,60,,,,,,,1,33,59,1,solo10,108,40,1,0,60,0,0,,0,0,0,0,0,0,0,,0,0,0,0,0,0,1,0,0,0,0
1,58,0,1,0,1,60,,,,,,,1,95,38,1,solo9,198,40,1,0,60,0,0,,0,0,0,0,0,0,0,,0,0,0,0,0,0,1,0,0,0,0
1,59,0,1,0,1,60,,,,,,,1,95,76,1,solo11,324,40,1,0,60,0,0,,0,0,0,0,0,0,0,,0,0,0,0,0,0,1,0,0,0,0
1,60,0,1,0,1,60,,,,,,,1,6,20,1,solo5,18,40,1,0,60,0,0,,0,0,0,0,0,0,0,,0,0,0,0,0,0,1,0,0,0,0
1,61,0,1,0,1,60,,,,,,,1,51,33,1,solo5,162,40,1,0,60,0,0,,0,0,0,0,0,0,0,,0,0,0,0,0,0,1,0,0,0,0
1,62,0,1,0,1,60,,,,,,,1,29,74,1,solo10,90,40,1,0,60,0,0,,0,0,0,0,0,0,0,,0,0,0,0,0,0,1,0,0,0,0
1,63,0,1,0,1,60,,,,,,,1,37,14,1,solo10,288,40,1,0,60,0,0,,0,0,0,0,0,0,0,,0,0,0,0,0,0,1,0,0,0,0
1,64,0,1,0,1,60,,,,,,,1,80,59,1,solo9,108,40,1,0,60,0,0,,0,0,0,0,0,0,0,,0,0,0,0,0,0,1,0,0,0,0
2,1,0,1,0,1,60,,,,,,,1,57,76,1,solo7,0,40,1,0,60,0,0,,0,0,0,0,0,0,0,,0,0,0,0,0,0,1,0,0,0,0
2,2,0,1,0,1,60,,,,,,,1,51,97,1,solo7,342,40,1,0,60,0,0,,0,0,0,0,0,0,0,,0,0,0,0,0,0,1,0,0,0,0
2,3,0,1,0,1,60,,,,,,,1,12,33,1,solo6,306,40,1,0,60,0,0,,0,0,0,0,0,0,0,,0,0,0,0,0,0,1,0,0,0,0
2,4,0,1,0,1,60,,,,,,,1,29,93,1,solo3,306,40,1,0,60,0,0,,0,0,0,0,0,0,0,,0,0,0,0,0,0,1,0,0,0,0
2,5,0,1,0,1,60,,,,,,,1,36,72,1,solo3,18,40,1,0,60,0,0,,0,0,0,0,0,0,0,,0,0,0,0,0,0,1,0,0,0,0
2,6,0,1,0,1,60,,,,,,,1,96,70,1,solo6,306,40,1,0,60,0,0,,0,0,0,0,0,0,0,,0,0,0,0,0,0,1,0,0,0,0
2,7,0,1,0,1,60,,,,,,,1,49,78,1,solo9,342,40,1,0,60,0,0,,0,0,0,0,0,0,0,,0,0,0,0,0,0,1,0,0,0,0
2,8,0,1,0,1,60,,,,,,,1,30,19,1,solo11,0,40,1,0,60,0,0,,0,0,0,0,0,0,0,,0,0,0,0,0,0,1,0,0,0,0
2,9,0,1,0,1,60,,,,,,,1,45,98,1,solo6,306,40,1,0,60,0,0,,0,0,0,0,0,0,0,,0,0,0,0,0,0,1,0,0,0,0
2,10,0,1,0,1,60,,,,,,,1,89,77,1,solo10,72,40,1,0,60,0,0,,0,0,0,0,0,0,0,,0,0,0,0,0,0,1,0,0,0,0
2,11,0,1,0,1,60,,,,,,,1,90,88,1,solo5,270,40,1,0,60,0,0,,0,0,0,0,0,0,0,,0,0,0,0,0,0,1,0,0,0,0
2,12,0,1,0,1,60,,,,,,,1,25,73,1,solo3,54,40,1,0,60,0,0,,0,0,0,0,0,0,0,,0,0,0,0,0,0,1,0,0,0,0
2,13,0,1,0,1,60,,,,,,,1,80,78,1,solo9,18,40,1,0,60,0,0,,0,0,0,0,0,0,0,,0,0,0,0,0,0,1,0,0,0,0
2,14,0,1,0,1,60,,,,,,,1,65,70,1,solo9,126,40,1,0,60,0,0,,0,0,0,0,0,0,0,,0,0,0,0,0,0,1,0,0,0,0
2,15,0,1,0,1,60,,,,,,,1,72,11,1,solo5,342,40,1,0,60,0,0,,0,0,0,0,0,0,0,,0,0,0,0,0,0,1,0,0,0,0
2,16,0,1,0,1,60,,,,,,,1,82,1,1,solo6,162,40,1,0,60,0,0,,0,0,0,0,0,0,0,,0,0,0,0,0,0,1,0,0,0,0
2,17,0,1,0,1,60,,,,,,,1,18,64,1,solo6,270,40,1,0,60,0,0,,0,0,0,0,0,0,0,,0,0,0,0,0,0,1,0,0,0,0
2,18,0,1,0,1,60,,,,,,,1,53,44,1,solo5,72,40,1,0,60,0,0,,0,0,0,0,0,0,0,,0,0,0,0,0,0,1,0,0,0,0
2,19,0,1,0,1,60,,,,,,,1,38,5,1,solo6,252,40,1,0,60,0,0,,0,0,0,0,0,0,0,,0,0,0,0,0,0,1,0,0,0,0
2,20,0,1,0,1,60,,,,,,,1,22,24,1,solo5,36,40,1,0,60,0,0,,0,0,0,0,0,0,0,,0,0,0,0,0,0,1,0,0,0,0
2,21,0,1,0,1,60,,,,,,,1,31,44,1,solo9,234,40,1,0,60,0,0,,0,0,0,0,0,0,0,,0,0,0,0,0,0,1,0,0,0,0
2,22,0,1,0,1,60,,,,,,,1,30,73,1,solo10,162,40,1,0,60,0,0,,0,0,0,0,0,0,0,,0,0,0,0,0,0,1,0,0,0,0
2,23,0,1,0,1,60,,,,,,,1,26,96,1,solo7,108,40,1,0,60,0,0,,0,0,0,0,0,0,0,,0,0,0,0,0,0,1,0,0,0,0
2,24,0,1,0,1,60,,,,,,,1,97,33,1,solo7,72,40,1,0,60,0,0,,0,0,0,0,0,0,0,,0,0,0,0,0,0,1,0,0,0,0
2,25,0,1,0,1,60,,,,,,,1,59,4,1,solo10,288,40,1,0,60,0,0,,0,0,0,0,0,0,0,,0,0,0,0,0,0,1,0,0,0,0
2,26,0,1,0,1,60,,,,,,,1,90,75,1,solo6,162,40,1,0,60,0,0,,0,0,0,0,0,0,0,,0,0,0,0,0,0,1,0,0,0,0
2,27,0,1,0,1,60,,,,,,,1,26,40,1,solo7,270,40,1,0,60,0,0,,0,0,0,0,0,0,0,,0,0,0,0,0,0,1,0,0,0,0
2,28,0,1,0,1,60,,,,,,,1,70,48,1,solo3,162,40,1,0,60,0,0,,0,0,0,0,0,0,0,,0,0,0,0,0,0,1,0,0,0,0
2,29,0,1,0,1,60,,,,,,,1,96,84,1,solo6,0,40,1,0,60,0,0,,0,0,0,0,0,0,0,,0,0,0,0,0,0,1,0,0,0,0
2,30,0,1,0,1,60,,,,,,,1,47,56,1,solo6,306,40,1,0,60,0,0,,0,0,0,0,0,0,0,,0,0,0,0,0,0,1,0,0,0,0
2,31,0,1,0,1,60,,,,,,,1,50,28,1,solo11,0,40,1,0,60,0,0,,0,0,0,0,0,0,0,,0,0,0,0,0,0,1,0,0,0,0
2,32,0,1,0,1,60,,,,,,,1,69,12,1,solo9,198,40,1,0,60,0,0,,0,0,0,0,0,0,0,,0,0,0,0,0,0,1,0,0,0,0
2,33,0,1,0,1,60,,,,,,,1,94,84,1,solo11,216,40,1,0,60,0,0,,0,0,0,0,0,0,0,,0,0,0,0,0,0,1,0,0,0,0
2,34,0,1,0,1,60,,,,,,,1,64,83,1,solo9,234,40,1,0,60,0,0,,0,0,0,0,0,0,0,,0,0,0,0,0,0,1,0,0,0,0
2,35,0,1,0,1,60,,,,,,,1,70,91,1,solo7,252,40,1,0,60,0,0,,0,0,0,0,0,0,0,,0,0,0,0,0,0,1,0,0,0,0
2,36,0,1,0,1,60,,,,,,,1,26,13,1,solo12,288,40,1,0,60,0,0,,0,0,0,0,0,0,0,,0,0,0,0,0,0,1,0,0,0,0
2,37,0,1,0,1,60,,,,,,,1,92,7,1,solo3,90,40,1,0,60,0,0,,0,0,0,0,0,0,0,,0,0,0,0,0,0,1,0,0,0,0
2,38,0,1,0,1,60,,,,,,,1,63,86,1,solo6,306,40,1,0,60,0,0,,0,0,0,0,0,0,0,,0,0,0,0,0,0,1,0,0,0,0
2,39,0,1,0,1,60,,,,,,,1,12,82,1,solo10,108,40,1,0,60,0,0,,0,0,0,0,0,0,0,,0,0,0,0,0,0,1,0,0,0,0
2,40,0,1,0,1,60,,,,,,,1,88,13,1,solo5,270,40,1,0,60,0,0,,0,0,0,0,0,0,0,,0,0,0,0,0,0,1,0,0,0,0
2,41,0,1,0,1,60,,,,,,,1,5,58,1,solo10,90,40,1,0,60,0,0,,0,0,0,0,0,0,0,,0,0,0,0,0,0,1,0,0,0,0
2,42,0,1,0,1,60,,,,,,,1,98,4,1,solo10,108,40,1,0,60,0,0,,0,0,0,0,0,0,0,,0,0,0,0,0,0,1,0,0,0,0
2,43,0,1,0,1,60,,,,,,,1,96,48,1,solo12,126,40,1,0,60,0,0,,0,0,0,0,0,0,0,,0,0,0,0,0,0,1,0,0,0,0
2,44,0,1,0,1,60,,,,,,,1,35,5,1,solo12,252,40,1,0,60,0,0,,0,0,0,0,0,0,0,,0,0,0,0,0,0,1,0,0,0,0
2,45,0,1,0,1,60,,,,,,,1,59,22,1,solo6,270,40,1,0,60,0,0,,0,0,0,0,0,0,0,,0,0,0,0,0,0,1,0,0,0,0
2,46,0,1,0,1,60,,,,,,,1,37,59,1,solo5,288,40,1,0,60,0,0,,0,0,0,0,0,0,0,,0,0,0,0,0,0,1,0,0,0,0
2,47,0,1,0,1,60,,,,,,,1,84,58,1,solo10,90,40,1,0,60,0,0,,0,0,0,0,0,0,0,,0,0,0,0,0,0,1,0,0,0,0
2,48,0,1,0,1,60,,,,,,,1,35,5,1,solo11,90,40,1,0,60,0,0,,0,0,0,0,0,0,0,,0,0,0,0,0,0,1,0,0,0,0
2,49,0,1,0,1,60,,,,,,,1,4,62,1,solo6,252,40,1,0,60,0,0,,0,0,0,0,0,0,0,,0,0,0,0,0,0,1,0,0,0,0
2,50,0,1,0,1,60,,,,,,,1,38,66,1,solo9,72,40,1,0,60,0,0,,0,0,0,0,0,0,0,,0,0,0,0,0,0,1,0,0,0,0
2,51,0,1,0,1,60,,,,,,,1,44,47,1,solo3,198,40,1,0,60,0,0,,0,0,0,0,0,0,0,,0,0,0,0,0,0,1,0,0,0,0
2,52,0,1,0,1,60,,,,,,,1,79,39,1,solo5,198,40,1,0,60,0,0,,0,0,0,0,0,0,0,,0,0,0,0,0,0,1,0,0,0,0
2,53,0,1,0,1,60,,,,,,,1,76,29,1,solo12,54,40,1,0,60,0,0,,0,0,0,0,0,0,0,,0,0,0,0,0,0,1,0,0,0,0
2,54,0,1,0,1,60,,,,,,,1,43,45,1,solo3,90,40,1,0,60,0,0,,0,0,0,0,0,0,0,,0,0,0,0,0,0,1,0,0,0,0
2,55,0,1,0,1,60,,,,,,,1,5,25,1,solo5,108,40,1,0,60,0,0,,0,0,0,0,0,0,0,,0,0,0,0,0,0,1,0,0,0,0
2,56,0,1,0,1,60,,,,,,,1,62,87,1,solo7,18,40,1,0,60,0,0,,0,0,0,0,0,0,0,,0,0,0,0,0,0,1,0,0,0,0
2,57,0,1,0,1,60,,,,,,,1,61,85,1,solo3,306,40,1,0,60,0,0,,0,0,0,0,0,0,0,,0,0,0,0,0,0,1,0,0,0,0
2,58,0,1,0,1,60,,,,,,,1,92,98,1,solo9,216,40,1,0,60,0,0,,0,0,0,0,0,0,0,,0,0,0,0,0,0,1,0,0,0,0
2,59,0,1,0,1,60,,,,,,,1,76,51,1,solo10,234,40,1,0,60,0,0,,0,0,0,0,0,0,0,,0,0,0,0,0,0,1,0,0,0,0
2,60,0,1,0,1,60,,,,,,,1,90,99,1,solo6,162,40,1,0,60,0,0,,0,0,0,0,0,0,0,,0,0,0,0,0,0,1,0,0,0,0
2,61,0,1,0,1,60,,,,,,,1,10,11,1,solo3,126,40,1,0,60,0,0,,0,0,0,0,0,0,0,,0,0,0,0,0,0,1,0,0,0,0
2,62,0,1,0,1,60,,,,,,,1,20,80,1,solo5,252,40,1,0,60,0,0,,0,0,0,0,0,0,0,,0,0,0,0,0,0,1,0,0,0,0
2,63,0,1,0,1,60,,,,,,,1,71,40,1,solo7,162,40,1,0,60,0,0,,0,0,0,0,0,0,0,,0,0,0,0,0,0,1,0,0,0,0
2,64,0,1,0,1,60,,,,,,,1,5,18,1,solo12,18,40,1,0,60,0,0,,0,0,0,0,0,0,0,,0,0,0,0,0,0,1,0,0,0,0
3,1,0,1,0,1,60,,,,,,,1,99,12,1,solo9,0,40,1,0,60,0,0,,0,0,0,0,0,0,0,,0,0,0,0,0,0,1,0,0,0,0
3,2,0,1,0,1,60,,,,,,,1,7,51,1,solo10,54,40,1,0,60,0,0,,0,0,0,0,0,0,0,,0,0,0,0,0,0,1,0,0,0,0
3,3,0,1,0,1,60,,,,,,,1,31,88,1,solo5,306,40,1,0,60,0,0,,0,0,0,0,0,0,0,,0,0,0,0,0,0,1,0,0,0,0
3,4,0,1,0,1,60,,,,,,,1,34,92,1,solo5,126,40,1,0,60,0,0,,0,0,0,0,0,0,0,,0,0,0,0,0,0,1,0,0,0,0
3,5,0,1,0,1,60,,,,,,,1,47,71,1,solo3,54,40,1,0,60,0,0,,0,0,0,0,0,0,0,,0,0,0,0,0,0,1,0,0,0,0
3,6,0,1,0,1,60,,,,,,,1,80,18,1,solo6,54,40,1,0,60,0,0,,0,0,0,0,0,0,0,,0,0,0,0,0,0,1,0,0,0,0
3,7,0,1,0,1,60,,,,,,,1,49,87,1,solo5,144,40,1,0,60,0,0,,0,0,0,0,0,0,0,,0,0,0,0,0,0,1,0,0,0,0
3,8,0,1,0,1,60,,,,,,,1,33,48,1,solo9,252,40,1,0,60,0,0,,0,0,0,0,0,0,0,,0,0,0,0,0,0,1,0,0,0,0
3,9,0,1,0,1,60,,,,,,,1,54,66,1,solo12,72,40,1,0,60,0,0,,0,0,0,0,0,0,0,,0,0,0,0,0,0,1,0,0,0,0
3,10,0,1,0,1,60,,,,,,,1,77,83,1,solo3,162,40,1,0,60,0,0,,0,0,0,0,0,0,0,,0,0,0,0,0,0,1,0,0,0,0
3,11,0,1,0,1,60,,,,,,,1,41,41,1,solo7,234,40,1,0,60,0,0,,0,0,0,0,0,0,0,,0,0,0,0,0,0,1,0,0,0,0
3,12,0,1,0,1,60,,,,,,,1,55,35,1,solo5,72,40,1,0,60,0,0,,0,0,0,0,0,0,0,,0,0,0,0,0,0,1,0,0,0,0
3,13,0,1,0,1,60,,,,,,,1,16,99,1,solo5,324,40,1,0,60,0,0,,0,0,0,0,0,0,0,,0,0,0,0,0,0,1,0,0,0,0
3,14,0,1,0,1,60,,,,,,,1,43,54,1,solo7,306,40,1,0,60,0,0,,0,0,0,0,0,0,0,,0,0,0,0,0,0,1,0,0,0,0
3,15,0,1,0,1,60,,,,,,,1,17,34,1,solo5,288,40,1,0,60,0,0,,0,0,0,0,0,0,0,,0,0,0,0,0,0,1,0,0,0,0
3,16,0,1,0,1,60,,,,,,,1,29,92,1,solo9,324,40,1,0,60,0,0,,0,0,0,0,0,0,0,,0,0,0,0,0,0,1,0,0,0,0
3,17,0,1,0,1,60,,,,,,,1,19,49,1,solo5,234,40,1,0,60,0,0,,0,0,0,0,0,0,0,,0,0,0,0,0,0,1,0,0,0,0
3,18,0,1,0,1,60,,,,,,,1,98,71,1,solo7,216,40,1,0,60,0,0,,0,0,0,0,0,0,0,,0,0,0,0,0,0,1,0,0,0,0
3,19,0,1,0,1,60,,,,,,,1,92,37,1,solo10,162,40,1,0,60,0,0,,0,0,0,0,0,0,0,,0,0,0,0,0,0,1,0,0,0,0
3,20,0,1,0,1,60,,,,,,,1,23,14,1,solo12,234,40,1,0,60,0,0,,0,0,0,0,0,0,0,,0,0,0,0,0,0,1,0,0,0,0
3,21,0,1,0,1,60,,,,,,,1,14,76,1,solo7,162,40,1,0,60,0,0,,0,0,0,0,0,0,0,,0,0,0,0,0,0,1,0,0,0,0
3,22,0,1,0,1,60,,,,,,,1,49,81,1,solo7,180,40,1,0,60,0,0,,0,0,0,0,0,0,0,,0,0,0,0,0,0,1,0,0,0,0
3,23,0,1,0,1,60,,,,,,,1,69,17,1,solo11,288,40,1,0,60,0,0,,0,0,0,0,0,0,0,,0,0,0,0,0,0,1,0,0,0,0
3,24,0,1,0,1,60,,,,,,,1,70,73,1,solo9,216,40,1,0,60,0,0,,0,0,0,0,0,0,0,,0,0,0,0,0,0,1,0,0,0,0
3,25,0,1,0,1,60,,,,,,,1,47,59,1,solo11,198,40,1,0,60,0,0,,0,0,0,0,0,0,0,,0,0,0,0,0,0,1,0,0,0,0
3,26,0,1,0,1,60,,,,,,,1,87,99,1,solo5,216,40,1,0,60,0,0,,0,0,0,0,0,0,0,,0,0,0,0,0,0,1,0,0,0,0
3,27,0,1,0,1,60,,,,,,,1,41,58,1,solo5,288,40,1,0,60,0,0,,0,0,0,0,0,0,0,,0,0,0,0,0,0,1,0,0,0,0
3,28,0,1,0,1,60,,,,,,,1,63,44,1,solo10,144,40,1,0,60,0,0,,0,0,0,0,0,0,0,,0,0,0,0,0,0,1,0,0,0,0
3,29,0,1,0,1,60,,,,,,,1,7,94,1,solo10,216,40,1,0,60,0,0,,0,0,0,0,0,0,0,,0,0,0,0,0,0,1,0,0,0,0
3,30,0,1,0,1,60,,,,,,,1,5,61,1,solo3,324,40,1,0,60,0,0,,0,0,0,0,0,0,0,,0,0,0,0,0,0,1,0,0,0,0
3,31,0,1,0,1,60,,,,,,,1,76,98,1,solo11,234,40,1,0,60,0,0,,0,0,0,0,0,0,0,,0,0,0,0,0,0,1,0,0,0,0
3,32,0,1,0,1,60,,,,,,,1,84,64,1,solo3,144,40,1,0,60,0,0,,0,0,0,0,0,0,0,,0,0,0,0,0,0,1,0,0,0,0
3,33,0,1,0,1,60,,,,,,,1,52,70,1,solo11,270,40,1,0,60,0,0,,0,0,0,0,0,0,0,,0,0,0,0,0,0,1,0,0,0,0
3,34,0,1,0,1,60,,,,,,,1,96,31,1,solo12,54,40,1,0,60,0,0,,0,0,0,0,0,0,0,,0,0,0,0,0,0,1,0,0,0,0
3,35,0,1,0,1,60,,,,,,,1,5,84,1,solo11,18,40,1,0,60,0,0,,0,0,0,0,0,0,0,,0,0,0,0,0,0,1,0,0,0,0
3,36,0,1,0,1,60,,,,,,,1,59,25,1,solo6,252,40,1,0,60,0,0,,0,0,0,0,0,0,0,,0,0,0,0,0,0,1,0,0,0,0
3,37,0,1,0,1,60,,,,,,,1,49,88,1,solo10,198,40,1,0,60,0,0,,0,0,0,0,0,0,0,,0,0,0,0,0,0,1,0,0,0,0
3,38,0,1,0,1,60,,,,,,,1,2,17,1,solo12,270,40,1,0,60,0,0,,0,0,0,0,0,0,0,,0,0,0,0,0,0,1,0,0,0,0
3,39,0,1,0,1,60,,,,,,,1,65,82,1,solo12,36,40,1,0,60,0,0,,0,0,0,0,0,0,0,,0,0,0,0,0,0,1,0,0,0,0
3,40,0,1,0,1,60,,,,,,,1,24,15,1,solo10,144,40,1,0,60,0,0,,0,0,0,0,0,0,0,,0,0,0,0,0,0,1,0,0,0,0
3,41,0,1,0,1,60,,,,,,,1,30,54,1,solo10,144,40,1,0,60,0,0,,0,0,0,0,0,0,0,,0,0,0,0,0,0,1,0,0,0,0
3,42,0,1,0,1,60,,,,,,,1,90,54,1,solo10,90,40,1,0,60,0,0,,0,0,0,0,0,0,0,,0,0,0,0,0,0,1,0,0,0,0
3,43,0,1,0,1,60,,,,,,,1,0,73,1,solo10,90,40,1,0,60,0,0,,0,0,0,0,0,0,0,,0,0,0,0,0,0,1,0,0,0,0
3,44,0,1,0,1,60,,,,,,,1,25,60,1,solo6,108,40,1,0,60,0,0,,0,0,0,0,0,0,0,,0,0,0,0,0,0,1,0,0,0,0
3,45,0,1,0,1,60,,,,,,,1,22,29,1,solo11,198,40,1,0,60,0,0,,0,0,0,0,0,0,0,,0,0,0,0,0,0,1,0,0,0,0
3,46,0,1,0,1,60,,,,,,,1,67,23,1,solo11,162,40,1,0,60,0,0,,0,0,0,0,0,0,0,,0,0,0,0,0,0,1,0,0,0,0
3,47,0,1,0,1,60,,,,,,,1,0,83,1,solo7,162,40,1,0,60,0,0,,0,0,0,0,0,0,0,,0,0,0,0,0,0,1,0,0,0,0
3,48,0,1,0,1,60,,,,,,,1,32,34,1,solo3,180,40,1,0,60,0,0,,0,0,0,0,0,0,0,,0,0,0,0,0,0,1,0,0,0,0
3,49,0,1,0,1,60,,,,,,,1,61,96,1,solo5,306,40,1,0,60,0,0,,0,0,0,0,0,0,0,,0,0,0,0,0,0,1,0,0,0,0
3,50,0,1,0,1,60,,,,,,,1,71,93,1,solo12,234,40,1,0,60,0,0,,0,0,0,0,0,0,0,,0,0,0,0,0,0,1,0,0,0,0
3,51,0,1,0,1,60,,,,,,,1,38,99,1,solo3,108,40,1,0,60,0,0,,0,0,0,0,0,0,0,,0,0,0,0,0,0,1,0,0,0,0
3,52,0,1,0,1,60,,,,,,,1,70,56,1,solo10,306,40,1,0,60,0,0,,0,0,0,0,0,0,0,,0,0,0,0,0,0,1,0,0,0,0
3,53,0,1,0,1,60,,,,,,,1,53,42,1,solo5,306,40,1,0,60,0,0,,0,0,0,0,0,0,0,,0,0,0,0,0,0,1,0,0,0,0
3,54,0,1,0,1,60,,,,,,,1,88,88,1,solo6,198,40,1,0,60,0,0,,0,0,0,0,0,0,0,,0,0,0,0,0,0,1,0,0,0,0
3,55,0,1,0,1,60,,,,,,,1,82,32,1,solo11,270,40,1,0,60,0,0,,0,0,0,0,0,0,0,,0,0,0,0,0,0,1,0,0,0,0
3,56,0,1,0,1,60,,,,,,,1,95,6,1,solo11,108,40,1,0,60,0,0,,0,0,0,0,0,0,0,,0,0,0,0,0,0,1,0,0,0,0
3,57,0,1,0,1,60,,,,,,,1,72,20,1,solo5,108,40,1,0,60,0,0,,0,0,0,0,0,0,0,,0,0,0,0,0,0,1,0,0,0,0
3,58,0,1,0,1,60,,,,,,,1,23,58,1,solo9,54,40,1,0,60,0,0,,0,0,0,0,0,0,0,,0,0,0,0,0,0,1,0,0,0,0
3,59,0,1,0,1,60,,,,,,,1,69,3,1,solo11,234,40,1,0,60,0,0,,0,0,0,0,0,0,0,,0,0,0,0,0,0,1,0,0,0,0
3,60,0,1,0,1,60,,,,,,,1,56,74,1,solo10,126,40,1,0,60,0,0,,0,0,0,0,0,0,0,,0,0,0,0,0,0,1,0,0,0,0
3,61,0,1,0,1,60,,,,,,,1,89,89,1,solo10,342,40,1,0,60,0,0,,0,0,0,0,0,0,0,,0,0,0,0,0,0,1,0,0,0,0
3,62,0,1,0,1,60,,,,,,,1,99,48,1,solo3,36,40,1,0,60,0,0,,0,0,0,0,0,0,0,,0,0,0,0,0,0,1,0,0,0,0
3,63,0,1,0,1,60,,,,,,,1,44,41,1,solo6,216,40,1,0,60,0,0,,0,0,0,0,0,0,0,,0,0,0,0,0,0,1,0,0,0,0
3,64,0,1,0,1,60,,,,,,,1,47,45,1,solo5,180,40,1,0,60,0,0,,0,0,0,0,0,0,0,,0,0,0,0,0,0,1,0,0,0,0
4,1,0,1,0,1,60,,,,,,,1,96,11,1,solo5,288,40,1,0,60,0,0,,0,0,0,0,0,0,0,,0,0,0,0,0,0,1,0,0,0,0
4,2,0,1,0,1,60,,,,,,,1,51,88,1,solo12,126,40,1,0,60,0,0,,0,0,0,0,0,0,0,,0,0,0,0,0,0,1,0,0,0,0
4,3,0,1,0,1,60,,,,,,,1,71,55,1,solo3,234,40,1,0,60,0,0,,0,0,0,0,0,0,0,,0,0,0,0,0,0,1,0,0,0,0
4,4,0,1,0,1,60,,,,,,,1,56,47,1,solo12,342,40,1,0,60,0,0,,0,0,0,0,0,0,0,,0,0,0,0,0,0,1,0,0,0,0
4,5,0,1,0,1,60,,,,,,,1,73,10,1,solo9,90,40,1,0,60,0,0,,0,0,0,0,0,0,0,,0,0,0,0,0,0,1,0,0,0,0
4,6,0,1,0,1,60,,,,,,,1,72,6,1,solo7,288,40,1,0,60,0,0,,0,0,0,0,0,0,0,,0,0,0,0,0,0,1,0,0,0,0
4,7,0,1,0,1,60,,,,,,,1,30,75,1,solo6,54,40,1,0,60,0,0,,0,0,0,0,0,0,0,,0,0,0,0,0,0,1,0,0,0,0
4,8,0,1,0,1,60,,,,,,,1,1,47,1,solo10,18,40,1,0,60,0,0,,0,0,0,0,0,0,0,,0,0,0,0,0,0,1,0,0,0,0
4,9,0,1,0,1,60,,,,,,,1,9,80,1,solo10,18,40,1,0,60,0,0,,0,0,0,0,0,0,0,,0,0,0,0,0,0,1,0,0,0,0
4,10,0,1,0,1,60,,,,,,,1,85,49,1,solo5,54,40,1,0,60,0,0,,0,0,0,0,0,0,0,,0,0,0,0,0,0,1,0,0,0,0
4,11,0,1,0,1,60,,,,,,,1,69,80,1,solo12,18,40,1,0,60,0,0,,0,0,0,0,0,0,0,,0,0,0,0,0,0,1,0,0,0,0
4,12,0,1,0,1,60,,,,,,,1,73,50,1,solo7,126,40,1,0,60,0,0,,0,0,0,0,0,0,0,,0,0,0,0,0,0,1,0,0,0,0
4,13,0,1,0,1,60,,,,,,,1,64,85,1,solo5,54,40,1,0,60,0,0,,0,0,0,0,0,0,0,,0,0,0,0,0,0,1,0,0,0,0
4,14,0,1,0,1,60,,,,,,,1,60,36,1,solo10,198,40,1,0,60,0,0,,0,0,0,0,0,0,0,,0,0,0,0,0,0,1,0,0,0,0
4,15,0,1,0,1,60,,,,,,,1,32,93,1,solo5,36,40,1,0,60,0,0,,0,0,0,0,0,0,0,,0,0,0,0,0,0,1,0,0,0,0
4,16,0,1,0,1,60,,,,,,,1,69,88,1,solo7,36,40,1,0,60,0,0,,0,0,0,0,0,0,0,,0,0,0,0,0,0,1,0,0,0,0
4,17,0,1,0,1,60,,,,,,,1,9,4,1,solo10,144,40,1,0,60,0,0,,0,0,0,0,0,0,0,,0,0,0,0,0,0,1,0,0,0,0
4,18,0,1,0,1,60,,,,,,,1,8,25,1,solo9,324,40,1,0,60,0,0,,0,0,0,0,0,0,0,,0,0,0,0,0,0,1,0,0,0,0
4,19,0,1,0,1,60,,,,,,,1,17,79,1,solo12,216,40,1,0,60,0,0,,0,0,0,0,0,0,0,,0,0,0,0,0,0,1,0,0,0,0
4,20,0,1,0,1,60,,,,,,,1,34,38,1,solo11,126,40,1,0,60,0,0,,0,0,0,0,0,0,0,,0,0,0,0,0,0,1,0,0,0,0
4,21,0,1,0,1,60,,,,,,,1,61,24,1,solo6,234,40,1,0,60,0,0,,0,0,0,0,0,0,0,,0,0,0,0,0,0,1,0,0,0,0
4,22,0,1,0,1,60,,,,,,,1,94,2,1,solo5,126,40,1,0,60,0,0,,0,0,0,0,0,0,0,,0,0,0,0,0,0,1,0,0,0,0
4,23,0,1,0,1,60,,,,,,,1,50,98,1,solo12,36,40,1,0,60,0,0,,0,0,0,0,0,0,0,,0,0,0,0,0,0,1,0,0,0,0
4,24,0,1,0,1,60,,,,,,,1,72,9,1,solo11,252,40,1,0,60,0,0,,0,0,0,0,0,0,0,,0,0,0,0,0,0,1,0,0,0,0
4,25,0,1,0,1,60,,,,,,,1,50,74,1,solo5,198,40,1,0,60,0,0,,0,0,0,0,0,0,0,,0,0,0,0,0,0,1,0,0,0,0
4,26,0,1,0,1,60,,,,,,,1,71,8,1,solo5,216,40,1,0,60,0,0,,0,0,0,0,0,0,0,,0,0,0,0,0,0,1,0,0,0,0
4,27,0,1,0,1,60,,,,,,,1,42,93,1,solo5,342,40,1,0,60,0,0,,0,0,0,0,0,0,0,,0,0,0,0,0,0,1,0,0,0,0
4,28,0,1,0,1,60,,,,,,,1,31,34,1,solo11,18,40,1,0,60,0,0,,0,0,0,0,0,0,0,,0,0,0,0,0,0,1,0,0,0,0
4,29,0,1,0,1,60,,,,,,,1,3,92,1,solo11,72,40,1,0,60,0,0,,0,0,0,0,0,0,0,,0,0,0,0,0,0,1,0,0,0,0
4,30,0,1,0,1,60,,,,,,,1,17,78,1,solo10,54,40,1,0,60,0,0,,0,0,0,0,0,0,0,,0,0,0,0,0,0,1,0,0,0,0
4,31,0,1,0,1,60,,,,,,,1,53,10,1,solo9,288,40,1,0,60,0,0,,0,0,0,0,0,0,0,,0,0,0,0,0,0,1,0,0,0,0
4,32,0,1,0,1,60,,,,,,,1,74,99,1,solo9,198,40,1,0,60,0,0,,0,0,0,0,0,0,0,,0,0,0,0,0,0,1,0,0,0,0
4,33,0,1,0,1,60,,,,,,,1,38,47,1,solo12,162,40,1,0,60,0,0,,0,0,0,0,0,0,0,,0,0,0,0,0,0,1,0,0,0,0
4,34,0,1,0,1,60,,,,,,,1,99,34,1,solo11,162,40,1,0,60,0,0,,0,0,0,0,0,0,0,,0,0,0,0,0,0,1,0,0,0,0
4,35,0,1,0,1,60,,,,,,,1,4,30,1,solo12,90,40,1,0,60,0,0,,0,0,0,0,0,0,0,,0,0,0,0,0,0,1,0,0,0,0
4,36,0,1,0,1,60,,,,,,,1,21,8,1,solo9,270,40,1,0,60,0,0,,0,0,0,0,0,0,0,,0,0,0,0,0,0,1,0,0,0,0
4,37,0,1,0,1,60,,,,,,,1,49,42,1,solo12,324,40,1,0,60,0,0,,0,0,0,0,0,0,0,,0,0,0,0,0,0,1,0,0,0,0
4,38,0,1,0,1,60,,,,,,,1,40,64,1,solo3,216,40,1,0,60,0,0,,0,0,0,0,0,0,0,,0,0,0,0,0,0,1,0,0,0,0
4,39,0,1,0,1,60,,,,,,,1,9,11,1,solo3,324,40,1,0,60,0,0,,0,0,0,0,0,0,0,,0,0,0,0,0,0,1,0,0,0,0
4,40,0,1,0,1,60,,,,,,,1,9,46,1,solo11,270,40,1,0,60,0,0,,0,0,0,0,0,0,0,,0,0,0,0,0,0,1,0,0,0,0
4,41,0,1,0,1,60,,,,,,,1,30,28,1,solo11,72,40,1,0,60,0,0,,0,0,0,0,0,0,0,,0,0,0,0,0,0,1,0,0,0,0
4,42,0,1,0,1,60,,,,,,,1,22,8,1,solo3,252,40,1,0,60,0,0,,0,0,0,0,0,0,0,,0,0,0,0,0,0,1,0,0,0,0
4,43,0,1,0,1,60,,,,,,,1,55,17,1,solo6,216,40,1,0,60,0,0,,0,0,0,0,0,0,0,,0,0,0,0,0,0,1,0,0,0,0
4,44,0,1,0,1,60,,,,,,,1,22,64,1,solo3,54,40,1,0,60,0,0,,0,0,0,0,0,0,0,,0,0,0,0,0,0,1,0,0,0,0
4,45,0,1,0,1,60,,,,,,,1,71,98,1,solo5,180,40,1,0,60,0,0,,0,0,0,0,0,0,0,,0,0,0,0,0,0,1,0,0,0,0
4,46,0,1,0,1,60,,,,,,,1,84,19,1,solo12,180,40,1,0,60,0,0,,0,0,0,0,0,0,0,,0,0,0,0,0,0,1,0,0,0,0
4,47,0,1,0,1,60,,,,,,,1,97,34,1,solo7,90,40,1,0,60,0,0,,0,0,0,0,0,0,0,,0,0,0,0,0,0,1,0,0,0,0
4,48,0,1,0,1,60,,,,,,,1,21,66,1,solo10,216,40,1,0,60,0,0,,0,0,0,0,0,0,0,,0,0,0,0,0,0,1,0,0,0,0
4,49,0,1,0,1,60,,,,,,,1,90,17,1,solo6,162,40,1,0,60,0,0,,0,0,0,0,0,0,0,,0,0,0,0,0,0,1,0,0,0,0
4,50,0,1,0,1,60,,,,,,,1,30,93,1,solo9,216,40,1,0,60,0,0,,0,0,0,0,0,0,0,,0,0,0,0,0,0,1,0,0,0,0
4,51,0,1,0,1,60,,,,,,,1,32,51,1,solo3,288,40,1,0,60,0,0,,0,0,0,0,0,0,0,,0,0,0,0,0,0,1,0,0,0,0
4,52,0,1,0,1,60,,,,,,,1,2,40,1,solo3,234,40,1,0,60,0,0,,0,0,0,0,0,0,0,,0,0,0,0,0,0,1,0,0,0,0
4,53,0,1,0,1,60,,,,,,,1,39,65,1,solo10,216,40,1,0,60,0,0,,0,0,0,0,0,0,0,,0,0,0,0,0,0,1,0,0,0,0
4,54,0,1,0,1,60,,,,,,,1,21,44,1,solo12,216,40,1,0,60,0,0,,0,0,0,0,0,0,0,,0,0,0,0,0,0,1,0,0,0,0
4,55,0,1,0,1,60,,,,,,,1,67,54,1,solo9,180,40,1,0,60,0,0,,0,0,0,0,0,0,0,,0,0,0,0,0,0,1,0,0,0,0
4,56,0,1,0,1,60,,,,,,,1,80,15,1,solo5,162,40,1,0,60,0,0,,0,0,0,0,0,0,0,,0,0,0,0,0,0,1,0,0,0,0
4,57,0,1,0,1,60,,,,,,,1,95,11,1,solo10,72,40,1,0,60,0,0,,0,0,0,0,0,0,0,,0,0,0,0,0,0,1,0,0,0,0
4,58,0,1,0,1,60,,,,,,,1,64,63,1,solo9,126,40,1,0,60,0,0,,0,0,0,0,0,0,0,,0,0,0,0,0,0,1,0,0,0,0
4,59,0,1,0,1,60,,,,,,,1,32,91,1,solo12,0,40,1,0,60,0,0,,0,0,0,0,0,0,0,,0,0,0,0,0,0,1,0,0,0,0
4,60,0,1,0,1,60,,,,,,,1,30,58,1,solo9,324,40,1,0,60,0,0,,0,0,0,0,0,0,0,,0,0,0,0,0,0,1,0,0,0,0
4,61,0,1,0,1,60,,,,,,,1,75,5,1,solo9,90,40,1,0,60,0,0,,0,0,0,0,0,0,0,,0,0,0,0,0,0,1,0,0,0,0
4,62,0,1,0,1,60,,,,,,,1,56,91,1,solo6,234,40,1,0,60,0,0,,0,0,0,0,0,0,0,,0,0,0,0,0,0,1,0,0,0,0
4,63,0,1,0,1,60,,,,,,,1,80,72,1,solo9,108,40,1,0,60,0,0,,0,0,0,0,0,0,0,,0,0,0,0,0,0,1,0,0,0,0
4,64,0,1,0,1,60,,,,,,,1,66,39,1,solo12,0,40,1,0,60,0,0,,0,0,0,0,0,0,0,,0,0,0,0,0,0,1,0,0,0,0
5,1,0,1,0,1,60,,,,,,,1,37,20,1,solo9,180,40,1,0,60,0,0,,0,0,0,0,0,0,0,,0,0,0,0,0,0,1,0,0,0,0
5,2,0,1,0,1,60,,,,,,,1,85,51,1,solo11,126,40,1,0,60,0,0,,0,0,0,0,0,0,0,,0,0,0,0,0,0,1,0,0,0,0
5,3,0,1,0,1,60,,,,,,,1,46,51,1,solo7,270,40,1,0,60,0,0,,0,0,0,0,0,0,0,,0,0,0,0,0,0,1,0,0,0,0
5,4,0,1,0,1,60,,,,,,,1,96,66,1,solo12,252,40,1,0,60,0,0,,0,0,0,0,0,0,0,,0,0,0,0,0,0,1,0,0,0,0
5,5,0,1,0,1,60,,,,,,,1,95,90,1,solo7,0,40,1,0,60,0,0,,0,0,0,0,0,0,0,,0,0,0,0,0,0,1,0,0,0,0
5,6,0,1,0,1,60,,,,,,,1,66,33,1,solo5,198,40,1,0,60,0,0,,0,0,0,0,0,0,0,,0,0,0,0,0,0,1,0,0,0,0
5,7,0,1,0,1,60,,,,,,,1,81,70,1,solo9,126,40,1,0,60,0,0,,0,0,0,0,0,0,0,,0,0,0,0,0,0,1,0,0,0,0
5,8,0,1,0,1,60,,,,,,,1,65,87,1,solo7,252,40,1,0,60,0,0,,0,0,0,0,0,0,0,,0,0,0,0,0,0,1,0,0,0,0
5,9,0,1,0,1,60,,,,,,,1,68,1,1,solo3,252,40,1,0,60,0,0,,0,0,0,0,0,0,0,,0,0,0,0,0,0,1,0,0,0,0
5,10,0,1,0,1,60,,,,,,,1,21,89,1,solo9,288,40,1,0,60,0,0,,0,0,0,0,0,0,0,,0,0,0,0,0,0,1,0,0,0,0
5,11,0,1,0,1,60,,,,,,,1,58,5,1,solo10,216,40,1,0,60,0,0,,0,0,0,0,0,0,0,,0,0,0,0,0,0,1,0,0,0,0
5,12,0,1,0,1,60,,,,,,,1,44,94,1,solo6,288,40,1,0,60,0,0,,0,0,0,0,0,0,0,,0,0,0,0,0,0,1,0,0,0,0
5,13,0,1,0,1,60,,,,,,,1,97,49,1,solo5,162,40,1,0,60,0,0,,0,0,0,0,0,0,0,,0,0,0,0,0,0,1,0,0,0,0
5,14,0,1,0,1,60,,,,,,,1,64,97,1,solo11,162,40,1,0,60,0,0,,0,0,0,0,0,0,0,,0,0,0,0,0,0,1,0,0,0,0
5,15,0,1,0,1,60,,,,,,,1,53,53,1,solo11,54,40,1,0,60,0,0,,0,0,0,0,0,0,0,,0,0,0,0,0,0,1,0,0,0,0
5,16,0,1,0,1,60,,,,,,,1,66,91,1,solo12,144,40,1,0,60,0,0,,0,0,0,0,0,0,0,,0,0,0,0,0,0,1,0,0,0,0
5,17,0,1,0,1,60,,,,,,,1,27,6,1,solo5,180,40,1,0,60,0,0,,0,0,0,0,0,0,0,,0,0,0,0,0,0,1,0,0,0,0
5,18,0,1,0,1,60,,,,,,,1,2,43,1,solo11,126,40,1,0,60,0,0,,0,0,0,0,0,0,0,,0,0,0,0,0,0,1,0,0,0,0
5,19,0,1,0,1,60,,,,,,,1,84,22,1,solo10,90,40,1,0,60,0,0,,0,0,0,0,0,0,0,,0,0,0,0,0,0,1,0,0,0,0
5,20,0,1,0,1,60,,,,,,,1,10,41,1,solo6,108,40,1,0,60,0,0,,0,0,0,0,0,0,0,,0,0,0,0,0,0,1,0,0,0,0
5,21,0,1,0,1,60,,,,,,,1,56,66,1,solo7,54,40,1,0,60,0,0,,0,0,0,0,0,0,0,,0,0,0,0,0,0,1,0,0,0,0
5,22,0,1,0,1,60,,,,,,,1,56,77,1,solo5,126,40,1,0,60,0,0,,0,0,0,0,0,0,0,,0,0,0,0,0,0,1,0,0,0,0
5,23,0,1,0,1,60,,,,,,,1,84,46,1,solo10,72,40,1,0,60,0,0,,0,0,0,0,0,0,0,,0,0,0,0,0,0,1,0,0,0,0
5,24,0,1,0,1,60,,,,,,,1,51,7,1,solo3,126,40,1,0,60,0,0,,0,0,0,0,0,0,0,,0,0,0,0,0,0,1,0,0,0,0
5,25,0,1,0,1,60,,,,,,,1,66,47,1,solo10,54,40,1,0,60,0,0,,0,0,0,0,0,0,0,,0,0,0,0,0,0,1,0,0,0,0
5,26,0,1,0,1,60,,,,,,,1,90,49,1,solo7,36,40,1,0,60,0,0,,0,0,0,0,0,0,0,,0,0,0,0,0,0,1,0,0,0,0
5,27,0,1,0,1,60,,,,,,,1,7,49,1,solo9,252,40,1,0,60,0,0,,0,0,0,0,0,0,0,,0,0,0,0,0,0,1,0,0,0,0
5,28,0,1,0,1,60,,,,,,,1,47,19,1,solo5,288,40,1,0,60,0,0,,0,0,0,0,0,0,0,,0,0,0,0,0,0,1,0,0,0,0
5,29,0,1,0,1,60,,,,,,,1,74,64,1,solo7,54,40,1,0,60,0,0,,0,0,0,0,0,0,0,,0,0,0,0,0,0,1,0,0,0,0
5,30,0,1,0,1,60,,,,,,,1,26,8,1,solo6,72,40,1,0,60,0,0,,0,0,0,0,0,0,0,,0,0,0,0,0,0,1,0,0,0,0
5,31,0,1,0,1,60,,,,,,,1,0,84,1,solo5,216,40,1,0,60,0,0,,0,0,0,0,0,0,0,,0,0,0,0,0,0,1,0,0,0,0
5,32,0,1,0,1,60,,,,,,,1,76,23,1,solo7,306,40,1,0,60,0,0,,0,0,0,0,0,0,0,,0,0,0,0,0,0,1,0,0,0,0
5,33,0,1,0,1,60,,,,,,,1,71,38,1,solo6,180,40,1,0,60,0,0,,0,0,0,0,0,0,0,,0,0,0,0,0,0,1,0,0,0,0
5,34,0,1,0,1,60,,,,,,,1,70,47,1,solo3,270,40,1,0,60,0,0,,0,0,0,0,0,0,0,,0,0,0,0,0,0,1,0,0,0,0
5,35,0,1,0,1,60,,,,,,,1,86,9,1,solo11,270,40,1,0,60,0,0,,0,0,0,0,0,0,0,,0,0,0,0,0,0,1,0,0,0,0
5,36,0,1,0,1,60,,,,,,,1,10,64,1,solo9,108,40,1,0,60,0,0,,0,0,0,0,0,0,0,,0,0,0,0,0,0,1,0,0,0,0
5,37,0,1,0,1,60,,,,,,,1,4,90,1,solo10,72,40,1,0,60,0,0,,0,0,0,0,0,0,0,,0,0,0,0,0,0,1,0,0,0,0
5,38,0,1,0,1,60,,,,,,,1,95,95,1,solo3,162,40,1,0,60,0,0,,0,0,0,0,0,0,0,,0,0,0,0,0,0,1,0,0,0,0
5,39,0,1,0,1,60,,,,,,,1,72,47,1,solo3,324,40,1,0,60,0,0,,0,0,0,0,0,0,0,,0,0,0,0,0,0,1,0,0,0,0
5,40,0,1,0,1,60,,,,,,,1,30,84,1,solo12,216,40,1,0,60,0,0,,0,0,0,0,0,0,0,,0,0,0,0,0,0,1,0,0,0,0
5,41,0,1,0,1,60,,,,,,,1,82,55,1,solo5,162,40,1,0,60,0,0,,0,0,0,0,0,0,0,,0,0,0,0,0,0,1,0,0,0,0
5,42,0,1,0,1,60,,,,,,,1,91,85,1,solo9,252,40,1,0,60,0,0,,0,0,0,0,0,0,0,,0,0,0,0,0,0,1,0,0,0,0
5,43,0,1,0,1,60,,,,,,,1,79,53,1,solo11,270,40,1,0,60,0,0,,0,0,0,0,0,0,0,,0,0,0,0,0,0,1,0,0,0,0
5,44,0,1,0,1,60,,,,,,,1,32,26,1,solo10,252,40,1,0,60,0,0,,0,0,0,0,0,0,0,,0,0,0,0,0,0,1,0,0,0,0
5,45,0,1,0,1,60,,,,,,,1,97,23,1,solo6,18,40,1,0,60,0,0,,0,0,0,0,0,0,0,,0,0,0,0,0,0,1,0,0,0,0
5,46,0,1,0,1,60,,,,,,,1,16,54,1,solo3,108,40,1,0,60,0,0,,0,0,0,0,0,0,0,,0,0,0,0,0,0,1,0,0,0,0
5,47,0,1,0,1,60,,,,,,,1,59,53,1,solo7,90,40,1,0,60,0,0,,0,0,0,0,0,0,0,,0,0,0,0,0,0,1,0,0,0,0
5,48,0,1,0,1,60,,,,,,,1,73,6,1,solo10,72,40,1,0,60,0,0,,0,0,0,0,0,0,0,,0,0,0,0,0,0,1,0,0,0,0
5,49,0,1,0,1,60,,,,,,,1,20,67,1,solo9,306,40,1,0,60,0,0,,0,0,0,0,0,0,0,,0,0,0,0,0,0,1,0,0,0,0
5,50,0,1,0,1,60,,,,,,,1,18,61,1,solo12,18,40,1,0,60,0,0,,0,0,0,0,0,0,0,,0,0,0,0,0,0,1,0,0,0,0
5,51,0,1,0,1,60,,,,,,,1,35,38,1,solo12,72,40,1,0,60,0,0,,0,0,0,0,0,0,0,,0,0,0,0,0,0,1,0,0,0,0
5,52,0,1,0,1,60,,,,,,,1,37,82,1,solo11,162,40,1,0,60,0,0,,0,0,0,0,0,0,0,,0,0,0,0,0,0,1,0,0,0,0
5,53,0,1,0,1,60,,,,,,,1,22,11,1,solo6,234,40,1,0,60,0,0,,0,0,0,0,0,0,0,,0,0,0,0,0,0,1,0,0,0,0
5,54,0,1,0,1,60,,,,,,,1,97,2,1,solo6,234,40,1,0,60,0,0,,0,0,0,0,0,0,0,,0,0,0,0,0,0,1,0,0,0,0
5,55,0,1,0,1,60,,,,,,,1,39,66,1,solo10,144,40,1,0,60,0,0,,0,0,0,0,0,0,0,,0,0,0,0,0,0,1,0,0,0,0
5,56,0,1,0,1,60,,,,,,,1,18,71,1,solo9,126,40,1,0,60,0,0,,0,0,0,0,0,0,0,,0,0,0,0,0,0,1,0,0,0,0
5,57,0,1,0,1,60,,,,,,,1,99,62,1,solo7,306,40,1,0,60,0,0,,0,0,0,0,0,0,0,,0,0,0,0,0,0,1,0,0,0,0
5,58,0,1,0,1,60,,,,,,,1,49,71,1,solo3,54,40,1,0,60,0,0,,0,0,0,0,0,0,0,,0,0,0,0,0,0,1,0,0,0,0
5,59,0,1,0,1,60,,,,,,,1,86,40,1,solo9,306,40,1,0,60,0,0,,0,0,0,0,0,0,0,,0,0,0,0,0,0,1,0,0,0,0
5,60,0,1,0,1,60,,,,,,,1,95,55,1,solo5,90,40,1,0,60,0,0,,0,0,0,0,0,0,0,,0,0,0,0,0,0,1,0,0,0,0
5,61,0,1,0,1,60,,,,,,,1,36,50,1,solo9,90,40,1,0,60,0,0,,0,0,0,0,0,0,0,,0,0,0,0,0,0,1,0,0,0,0
5,62,0,1,0,1,60,,,,,,,1,77,41,1,solo12,54,40,1,0,60,0,0,,0,0,0,0,0,0,0,,0,0,0,0,0,0,1,0,0,0,0
5,63,0,1,0,1,60,,,,,,,1,92,68,1,solo7,270,40,1,0,60,0,0,,0,0,0,0,0,0,0,,0,0,0,0,0,0,1,0,0,0,0
5,64,0,1,0,1,60,,,,,,,1,26,48,1,solo3,342,40,1,0,60,0,0,,0,0,0,0,0,0,0,,0,0,0,0,0,0,1,0,0,0,0
6,1,0,1,0,1,60,,,,,,,1,64,86,1,solo7,162,40,1,0,60,0,0,,0,0,0,0,0,0,0,,0,0,0,0,0,0,1,0,0,0,0
6,2,0,1,0,1,60,,,,,,,1,34,53,1,solo12,18,40,1,0,60,0,0,,0,0,0,0,0,0,0,,0,0,0,0,0,0,1,0,0,0,0
6,3,0,1,0,1,60,,,,,,,1,65,75,1,solo11,144,40,1,0,60,0,0,,0,0,0,0,0,0,0,,0,0,0,0,0,0,1,0,0,0,0
6,4,0,1,0,1,60,,,,,,,1,28,65,1,solo6,198,40,1,0,60,0,0,,0,0,0,0,0,0,0,,0,0,0,0,0,0,1,0,0,0,0
6,5,0,1,0,1,60,,,,,,,1,99,66,1,solo11,288,40,1,0,60,0,0,,0,0,0,0,0,0,0,,0,0,0,0,0,0,1,0,0,0,0
6,6,0,1,0,1,60,,,,,,,1,22,36,1,solo7,216,40,1,0,60,0,0,,0,0,0,0,0,0,0,,0,0,0,0,0,0,1,0,0,0,0
6,7,0,1,0,1,60,,,,,,,1,66,11,1,solo7,324,40,1,0,60,0,0,,0,0,0,0,0,0,0,,0,0,0,0,0,0,1,0,0,0,0
6,8,0,1,0,1,60,,,,,,,1,15,68,1,solo3,108,40,1,0,60,0,0,,0,0,0,0,0,0,0,,0,0,0,0,0,0,1,0,0,0,0
6,9,0,1,0,1,60,,,,,,,1,25,83,1,solo5,180,40,1,0,60,0,0,,0,0,0,0,0,0,0,,0,0,0,0,0,0,1,0,0,0,0
6,10,0,1,0,1,60,,,,,,,1,23,92,1,solo5,342,40,1,0,60,0,0,,0,0,0,0,0,0,0,,0,0,0,0,0,0,1,0,0,0,0
6,11,0,1,0,1,60,,,,,,,1,90,21,1,solo10,108,40,1,0,60,0,0,,0,0,0,0,0,0,0,,0,0,0,0,0,0,1,0,0,0,0
6,12,0,1,0,1,60,,,,,,,1,32,30,1,solo6,234,40,1,0,60,0,0,,0,0,0,0,0,0,0,,0,0,0,0,0,0,1,0,0,0,0
6,13,0,1,0,1,60,,,,,,,1,47,50,1,solo11,216,40,1,0,60,0,0,,0,0,0,0,0,0,0,,0,0,0,0,0,0,1,0,0,0,0
6,14,0,1,0,1,60,,,,,,,1,60,44,1,solo9,288,40,1,0,60,0,0,,0,0,0,0,0,0,0,,0,0,0,0,0,0,1,0,0,0,0
6,15,0,1,0,1,60,,,,,,,1,35,38,1,solo7,162,40,1,0,60,0,0,,0,0,0,0,0,0,0,,0,0,0,0,0,0,1,0,0,0,0
6,16,0,1,0,1,60,,,,,,,1,100,86,1,solo11,54,40,1,0,60,0,0,,0,0,0,0,0,0,0,,0,0,0,0,0,0,1,0,0,0,0
6,17,0,1,0,1,60,,,,,,,1,2,39,1,solo10,72,40,1,0,60,0,0,,0,0,0,0,0,0,0,,0,0,0,0,0,0,1,0,0,0,0
6,18,0,1,0,1,60,,,,,,,1,32,53,1,solo10,36,40,1,0,60,0,0,,0,0,0,0,0,0,0,,0,0,0,0,0,0,1,0,0,0,0
6,19,0,1,0,1,60,,,,,,,1,42,28,1,solo12,180,40,1,0,60,0,0,,0,0,0,0,0,0,0,,0,0,0,0,0,0,1,0,0,0,0
6,20,0,1,0,1,60,,,,,,,1,66,91,1,solo5,342,40,1,0,60,0,0,,0,0,0,0,0,0,0,,0,0,0,0,0,0,1,0,0,0,0
6,21,0,1,0,1,60,,,,,,,1,85,25,1,solo6,234,40,1,0,60,0,0,,0,0,0,0,0,0,0,,0,0,0,0,0,0,1,0,0,0,0
6,22,0,1,0,1,60,,,,,,,1,56,50,1,solo5,54,40,1,0,60,0,0,,0,0,0,0,0,0,0,,0,0,0,0,0,0,1,0,0,0,0
6,23,0,1,0,1,60,,,,,,,1,67,43,1,solo6,324,40,1,0,60,0,0,,0,0,0,0,0,0,0,,0,0,0,0,0,0,1,0,0,0,0
6,24,0,1,0,1,60,,,,,,,1,76,89,1,solo3,288,40,1,0,60,0,0,,0,0,0,0,0,0,0,,0,0,0,0,0,0,1,0,0,0,0
6,25,0,1,0,1,60,,,,,,,1,4,80,1,solo12,180,40,1,0,60,0,0,,0,0,0,0,0,0,0,,0,0,0,0,0,0,1,0,0,0,0
6,26,0,1,0,1,60,,,,,,,1,13,27,1,solo3,180,40,1,0,60,0,0,,0,0,0,0,0,0,0,,0,0,0,0,0,0,1,0,0,0,0
6,27,0,1,0,1,60,,,,,,,1,91,23,1,solo11,324,40,1,0,60,0,0,,0,0,0,0,0,0,0,,0,0,0,0,0,0,1,0,0,0,0
6,28,0,1,0,1,60,,,,,,,1,85,45,1,solo9,306,40,1,0,60,0,0,,0,0,0,0,0,0,0,,0,0,0,0,0,0,1,0,0,0,0
6,29,0,1,0,1,60,,,,,,,1,74,37,1,solo3,18,40,1,0,60,0,0,,0,0,0,0,0,0,0,,0,0,0,0,0,0,1,0,0,0,0
6,30,0,1,0,1,60,,,,,,,1,29,65,1,solo11,72,40,1,0,60,0,0,,0,0,0,0,0,0,0,,0,0,0,0,0,0,1,0,0,0,0
6,31,0,1,0,1,60,,,,,,,1,17,53,1,solo11,18,40,1,0,60,0,0,,0,0,0,0,0,0,0,,0,0,0,0,0,0,1,0,0,0,0
6,32,0,1,0,1,60,,,,,,,1,18,84,1,solo10,36,40,1,0,60,0,0,,0,0,0,0,0,0,0,,0,0,0,0,0,0,1,0,0,0,0
6,33,0,1,0,1,60,,,,,,,1,45,4,1,solo3,162,40,1,0,60,0,0,,0,0,0,0,0,0,0,,0,0,0,0,0,0,1,0,0,0,0
6,34,0,1,0,1,60,,,,,,,1,28,44,1,solo10,90,40,1,0,60,0,0,,0,0,0,0,0,0,0,,0,0,0,0,0,0,1,0,0,0,0
6,35,0,1,0,1,60,,,,,,,1,99,7,1,solo3,234,40,1,0,60,0,0,,0,0,0,0,0,0,0,,0,0,0,0,0,0,1,0,0,0,0
6,36,0,1,0,1,60,,,,,,,1,25,53,1,solo12,36,40,1,0,60,0,0,,0,0,0,0,0,0,0,,0,0,0,0,0,0,1,0,0,0,0
6,37,0,1,0,1,60,,,,,,,1,71,24,1,solo9,108,40,1,0,60,0,0,,0,0,0,0,0,0,0,,0,0,0,0,0,0,1,0,0,0,0
6,38,0,1,0,1,60,,,,,,,1,23,43,1,solo10,216,40,1,0,60,0,0,,0,0,0,0,0,0,0,,0,0,0,0,0,0,1,0,0,0,0
6,39,0,1,0,1,60,,,,,,,1,88,4,1,solo12,270,40,1,0,60,0,0,,0,0,0,0,0,0,0,,0,0,0,0,0,0,1,0,0,0,0
6,40,0,1,0,1,60,,,,,,,1,30,92,1,solo12,180,40,1,0,60,0,0,,0,0,0,0,0,0,0,,0,0,0,0,0,0,1,0,0,0,0
6,41,0,1,0,1,60,,,,,,,1,92,96,1,solo10,324,40,1,0,60,0,0,,0,0,0,0,0,0,0,,0,0,0,0,0,0,1,0,0,0,0
6,42,0,1,0,1,60,,,,,,,1,78,48,1,solo5,162,40,1,0,60,0,0,,0,0,0,0,0,0,0,,0,0,0,0,0,0,1,0,0,0,0
6,43,0,1,0,1,60,,,,,,,1,47,64,1,solo3,126,40,1,0,60,0,0,,0,0,0,0,0,0,0,,0,0,0,0,0,0,1,0,0,0,0
6,44,0,1,0,1,60,,,,,,,1,56,82,1,solo6,90,40,1,0,60,0,0,,0,0,0,0,0,0,0,,0,0,0,0,0,0,1,0,0,0,0
6,45,0,1,0,1,60,,,,,,,1,87,60,1,solo11,36,40,1,0,60,0,0,,0,0,0,0,0,0,0,,0,0,0,0,0,0,1,0,0,0,0
6,46,0,1,0,1,60,,,,,,,1,55,15,1,solo6,342,40,1,0,60,0,0,,0,0,0,0,0,0,0,,0,0,0,0,0,0,1,0,0,0,0
6,47,0,1,0,1,60,,,,,,,1,97,25,1,solo6,324,40,1,0,60,0,0,,0,0,0,0,0,0,0,,0,0,0,0,0,0,1,0,0,0,0
6,48,0,1,0,1,60,,,,,,,1,38,29,1,solo11,72,40,1,0,60,0,0,,0,0,0,0,0,0,0,,0,0,0,0,0,0,1,0,0,0,0
6,49,0,1,0,1,60,,,,,,,1,65,90,1,solo7,162,40,1,0,60,0,0,,0,0,0,0,0,0,0,,0,0,0,0,0,0,1,0,0,0,0
6,50,0,1,0,1,60,,,,,,,1,91,42,1,solo7,324,40,1,0,60,0,0,,0,0,0,0,0,0,0,,0,0,0,0,0,0,1,0,0,0,0
6,51,0,1,0,1,60,,,,,,,1,18,33,1,solo11,0,40,1,0,60,0,0,,0,0,0,0,0,0,0,,0,0,0,0,0,0,1,0,0,0,0
6,52,0,1,0,1,60,,,,,,,1,18,86,1,solo5,0,40,1,0,60,0,0,,0,0,0,0,0,0,0,,0,0,0,0,0,0,1,0,0,0,0
6,53,0,1,0,1,60,,,,,,,1,71,45,1,solo12,198,40,1,0,60,0,0,,0,0,0,0,0,0,0,,0,0,0,0,0,0,1,0,0,0,0
6,54,0,1,0,1,60,,,,,,,1,17,4,1,solo7,126,40,1,0,60,0,0,,0,0,0,0,0,0,0,,0,0,0,0,0,0,1,0,0,0,0
6,55,0,1,0,1,60,,,,,,,1,86,29,1,solo11,162,40,1,0,60,0,0,,0,0,0,0,0,0,0,,0,0,0,0,0,0,1,0,0,0,0
6,56,0,1,0,1,60,,,,,,,1,28,16,1,solo5,36,40,1,0,60,0,0,,0,0,0,0,0,0,0,,0,0,0,0,0,0,1,0,0,0,0
6,57,0,1,0,1,60,,,,,,,1,20,74,1,solo11,288,40,1,0,60,0,0,,0,0,0,0,0,0,0,,0,0,0,0,0,0,1,0,0,0,0
6,58,0,1,0,1,60,,,,,,,1,83,36,1,solo10,18,40,1,0,60,0,0,,0,0,0,0,0,0,0,,0,0,0,0,0,0,1,0,0,0,0
6,59,0,1,0,1,60,,,,,,,1,85,4,1,solo5,108,40,1,0,60,0,0,,0,0,0,0,0,0,0,,0,0,0,0,0,0,1,0,0,0,0
6,60,0,1,0,1,60,,,,,,,1,40,46,1,solo5,72,40,1,0,60,0,0,,0,0,0,0,0,0,0,,0,0,0,0,0,0,1,0,0,0,0
6,61,0,1,0,1,60,,,,,,,1,75,27,1,solo10,144,40,1,0,60,0,0,,0,0,0,0,0,0,0,,0,0,0,0,0,0,1,0,0,0,0
6,62,0,1,0,1,60,,,,,,,1,28,99,1,solo10,0,40,1,0,60,0,0,,0,0,0,0,0,0,0,,0,0,0,0,0,0,1,0,0,0,0
6,63,0,1,0,1,60,,,,,,,1,48,41,1,solo5,162,40,1,0,60,0,0,,0,0,0,0,0,0,0,,0,0,0,0,0,0,1,0,0,0,0
6,64,0,1,0,1,60,,,,,,,1,98,20,1,solo5,252,40,1,0,60,0,0,,0,0,0,0,0,0,0,,0,0,0,0,0,0,1,0,0,0,0
7,1,0,1,0,1,60,,,,,,,1,93,3,1,solo9,0,40,1,0,60,0,0,,0,0,0,0,0,0,0,,0,0,0,0,0,0,1,0,0,0,0
7,2,0,1,0,1,60,,,,,,,1,23,6,1,solo6,234,40,1,0,60,0,0,,0,0,0,0,0,0,0,,0,0,0,0,0,0,1,0,0,0,0
7,3,0,1,0,1,60,,,,,,,1,6,84,1,solo5,162,40,1,0,60,0,0,,0,0,0,0,0,0,0,,0,0,0,0,0,0,1,0,0,0,0
7,4,0,1,0,1,60,,,,,,,1,56,52,1,solo3,216,40,1,0,60,0,0,,0,0,0,0,0,0,0,,0,0,0,0,0,0,1,0,0,0,0
7,5,0,1,0,1,60,,,,,,,1,40,71,1,solo3,324,40,1,0,60,0,0,,0,0,0,0,0,0,0,,0,0,0,0,0,0,1,0,0,0,0
7,6,0,1,0,1,60,,,,,,,1,19,7,1,solo9,252,40,1,0,60,0,0,,0,0,0,0,0,0,0,,0,0,0,0,0,0,1,0,0,0,0
7,7,0,1,0,1,60,,,,,,,1,89,16,1,solo10,18,40,1,0,60,0,0,,0,0,0,0,0,0,0,,0,0,0,0,0,0,1,0,0,0,0
7,8,0,1,0,1,60,,,,,,,1,10,25,1,solo10,54,40,1,0,60,0,0,,0,0,0,0,0,0,0,,0,0,0,0,0,0,1,0,0,0,0
7,9,0,1,0,1,60,,,,,,,1,14,64,1,solo11,54,40,1,0,60,0,0,,0,0,0,0,0,0,0,,0,0,0,0,0,0,1,0,0,0,0
7,10,0,1,0,1,60,,,,,,,1,34,81,1,solo3,306,40,1,0,60,0,0,,0,0,0,0,0,0,0,,0,0,0,0,0,0,1,0,0,0,0
7,11,0,1,0,1,60,,,,,,,1,28,1,1,solo9,36,40,1,0,60,0,0,,0,0,0,0,0,0,0,,0,0,0,0,0,0,1,0,0,0,0
7,12,0,1,0,1,60,,,,,,,1,16,22,1,solo6,126,40,1,0,60,0,0,,0,0,0,0,0,0,0,,0,0,0,0,0,0,1,0,0,0,0
7,13,0,1,0,1,60,,,,,,,1,2,8,1,solo9,342,40,1,0,60,0,0,,0,0,0,0,0,0,0,,0,0,0,0,0,0,1,0,0,0,0
7,14,0,1,0,1,60,,,,,,,1,41,88,1,solo11,252,40,1,0,60,0,0,,0,0,0,0,0,0,0,,0,0,0,0,0,0,1,0,0,0,0
7,15,0,1,0,1,60,,,,,,,1,21,79,1,solo7,252,40,1,0,60,0,0,,0,0,0,0,0,0,0,,0,0,0,0,0,0,1,0,0,0,0
7,16,0,1,0,1,60,,,,,,,1,24,39,1,solo6,198,40,1,0,60,0,0,,0,0,0,0,0,0,0,,0,0,0,0,0,0,1,0,0,0,0
7,17,0,1,0,1,60,,,,,,,1,66,67,1,solo6,0,40,1,0,60,0,0,,0,0,0,0,0,0,0,,0,0,0,0,0,0,1,0,0,0,0
7,18,0,1,0,1,60,,,,,,,1,95,59,1,solo12,288,40,1,0,60,0,0,,0,0,0,0,0,0,0,,0,0,0,0,0,0,1,0,0,0,0
7,19,0,1,0,1,60,,,,,,,1,36,34,1,solo5,72,40,1,0,60,0,0,,0,0,0,0,0,0,0,,0,0,0,0,0,0,1,0,0,0,0
7,20,0,1,0,1,60,,,,,,,1,0,82,1,solo3,288,40,1,0,60,0,0,,0,0,0,0,0,0,0,,0,0,0,0,0,0,1,0,0,0,0
7,21,0,1,0,1,60,,,,,,,1,20,63,1,solo3,90,40,1,0,60,0,0,,0,0,0,0,0,0,0,,0,0,0,0,0,0,1,0,0,0,0
7,22,0,1,0,1,60,,,,,,,1,11,66,1,solo10,144,40,1,0,60,0,0,,0,0,0,0,0,0,0,,0,0,0,0,0,0,1,0,0,0,0
7,23,0,1,0,1,60,,,,,,,1,84,87,1,solo3,18,40,1,0,60,0,0,,0,0,0,0,0,0,0,,0,0,0,0,0,0,1,0,0,0,0
7,24,0,1,0,1,60,,,,,,,1,0,78,1,solo3,162,40,1,0,60,0,0,,0,0,0,0,0,0,0,,0,0,0,0,0,0,1,0,0,0,0
7,25,0,1,0,1,60,,,,,,,1,64,64,1,solo6,162,40,1,0,60,0,0,,0,0,0,0,0,0,0,,0,0,0,0,0,0,1,0,0,0,0
7,26,0,1,0,1,60,,,,,,,1,86,80,1,solo3,324,40,1,0,60,0,0,,0,0,0,0,0,0,0,,0,0,0,0,0,0,1,0,0,0,0
7,27,0,1,0,1,60,,,,,,,1,12,72,1,solo6,180,40,1,0,60,0,0,,0,0,0,0,0,0,0,,0,0,0,0,0,0,1,0,0,0,0
7,28,0,1,0,1,60,,,,,,,1,87,16,1,solo12,198,40,1,0,60,0,0,,0,0,0,0,0,0,0,,0,0,0,0,0,0,1,0,0,0,0
7,29,0,1,0,1,60,,,,,,,1,20,81,1,solo10,18,40,1,0,60,0,0,,0,0,0,0,0,0,0,,0,0,0,0,0,0,1,0,0,0,0
7,30,0,1,0,1,60,,,,,,,1,32,36,1,solo3,144,40,1,0,60,0,0,,0,0,0,0,0,0,0,,0,0,0,0,0,0,1,0,0,0,0
7,31,0,1,0,1,60,,,,,,,1,40,70,1,solo10,288,40,1,0,60,0,0,,0,0,0,0,0,0,0,,0,0,0,0,0,0,1,0,0,0,0
7,32,0,1,0,1,60,,,,,,,1,98,18,1,solo10,306,40,1,0,60,0,0,,0,0,0,0,0,0,0,,0,0,0,0,0,0,1,0,0,0,0
7,33,0,1,0,1,60,,,,,,,1,88,2,1,solo10,90,40,1,0,60,0,0,,0,0,0,0,0,0,0,,0,0,0,0,0,0,1,0,0,0,0
7,34,0,1,0,1,60,,,,,,,1,12,36,1,solo10,270,40,1,0,60,0,0,,0,0,0,0,0,0,0,,0,0,0,0,0,0,1,0,0,0,0
7,35,0,1,0,1,60,,,,,,,1,3,27,1,solo5,108,40,1,0,60,0,0,,0,0,0,0,0,0,0,,0,0,0,0,0,0,1,0,0,0,0
7,36,0,1,0,1,60,,,,,,,1,95,69,1,solo6,90,40,1,0,60,0,0,,0,0,0,0,0,0,0,,0,0,0,0,0,0,1,0,0,0,0
7,37,0,1,0,1,60,,,,,,,1,18,78,1,solo3,18,40,1,0,60,0,0,,0,0,0,0,0,0,0,,0,0,0,0,0,0,1,0,0,0,0
7,38,0,1,0,1,60,,,,,,,1,26,40,1,solo7,306,40,1,0,60,0,0,,0,0,0,0,0,0,0,,0,0,0,0,0,0,1,0,0,0,0
7,39,0,1,0,1,60,,,,,,,1,18,52,1,solo7,180,40,1,0,60,0,0,,0,0,0,0,0,0,0,,0,0,0,0,0,0,1,0,0,0,0
7,40,0,1,0,1,60,,,,,,,1,51,68,1,solo7,234,40,1,0,60,0,0,,0,0,0,0,0,0,0,,0,0,0,0,0,0,1,0,0,0,0
7,41,0,1,0,1,60,,,,,,,1,78,65,1,solo3,306,40,1,0,60,0,0,,0,0,0,0,0,0,0,,0,0,0,0,0,0,1,0,0,0,0
7,42,0,1,0,1,60,,,,,,,1,43,69,1,solo11,162,40,1,0,60,0,0,,0,0,0,0,0,0,0,,0,0,0,0,0,0,1,0,0,0,0
7,43,0,1,0,1,60,,,,,,,1,85,38,1,solo9,108,40,1,0,60,0,0,,0,0,0,0,0,0,0,,0,0,0,0,0,0,1,0,0,0,0
7,44,0,1,0,1,60,,,,,,,1,92,52,1,solo7,90,40,1,0,60,0,0,,0,0,0,0,0,0,0,,0,0,0,0,0,0,1,0,0,0,0
7,45,0,1,0,1,60,,,,,,,1,82,32,1,solo9,216,40,1,0,60,0,0,,0,0,0,0,0,0,0,,0,0,0,0,0,0,1,0,0,0,0
7,46,0,1,0,1,60,,,,,,,1,52,42,1,solo6,306,40,1,0,60,0,0,,0,0,0,0,0,0,0,,0,0,0,0,0,0,1,0,0,0,0
7,47,0,1,0,1,60,,,,,,,1,88,98,1,solo6,306,40,1,0,60,0,0,,0,0,0,0,0,0,0,,0,0,0,0,0,0,1,0,0,0,0
7,48,0,1,0,1,60,,,,,,,1,71,79,1,solo5,288,40,1,0,60,0,0,,0,0,0,0,0,0,0,,0,0,0,0,0,0,1,0,0,0,0
7,49,0,1,0,1,60,,,,,,,1,23,7,1,solo6,144,40,1,0,60,0,0,,0,0,0,0,0,0,0,,0,0,0,0,0,0,1,0,0,0,0
7,50,0,1,0,1,60,,,,,,,1,64,84,1,solo5,36,40,1,0,60,0,0,,0,0,0,0,0,0,0,,0,0,0,0,0,0,1,0,0,0,0
7,51,0,1,0,1,60,,,,,,,1,26,34,1,solo11,180,40,1,0,60,0,0,,0,0,0,0,0,0,0,,0,0,0,0,0,0,1,0,0,0,0
7,52,0,1,0,1,60,,,,,,,1,60,44,1,solo11,72,40,1,0,60,0,0,,0,0,0,0,0,0,0,,0,0,0,0,0,0,1,0,0,0,0
7,53,0,1,0,1,60,,,,,,,1,42,73,1,solo6,36,40,1,0,60,0,0,,0,0,0,0,0,0,0,,0,0,0,0,0,0,1,0,0,0,0
7,54,0,1,0,1,60,,,,,,,1,25,53,1,solo9,36,40,1,0,60,0,0,,0,0,0,0,0,0,0,,0,0,0,0,0,0,1,0,0,0,0
7,55,0,1,0,1,60,,,,,,,1,27,65,1,solo12,180,40,1,0,60,0,0,,0,0,0,0,0,0,0,,0,0,0,0,0,0,1,0,0,0,0
7,56,0,1,0,1,60,,,,,,,1,30,6,1,solo9,342,40,1,0,60,0,0,,0,0,0,0,0,0,0,,0,0,0,0,0,0,1,0,0,0,0
7,57,0,1,0,1,60,,,,,,,1,28,7,1,solo7,306,40,1,0,60,0,0,,0,0,0,0,0,0,0,,0,0,0,0,0,0,1,0,0,0,0
7,58,0,1,0,1,60,,,,,,,1,16,13,1,solo11,0,40,1,0,60,0,0,,0,0,0,0,0,0,0,,0,0,0,0,0,0,1,0,0,0,0
7,59,0,1,0,1,60,,,,,,,1,28,31,1,solo10,234,40,1,0,60,0,0,,0,0,0,0,0,0,0,,0,0,0,0,0,0,1,0,0,0,0
7,60,0,1,0,1,60,,,,,,,1,96,68,1,solo3,108,40,1,0,60,0,0,,0,0,0,0,0,0,0,,0,0,0,0,0,0,1,0,0,0,0
7,61,0,1,0,1,60,,,,,,,1,41,94,1,solo10,144,40,1,0,60,0,0,,0,0,0,0,0,0,0,,0,0,0,0,0,0,1,0,0,0,0
7,62,0,1,0,1,60,,,,,,,1,70,29,1,solo6,36,40,1,0,60,0,0,,0,0,0,0,0,0,0,,0,0,0,0,0,0,1,0,0,0,0
7,63,0,1,0,1,60,,,,,,,1,49,10,1,solo3,288,40,1,0,60,0,0,,0,0,0,0,0,0,0,,0,0,0,0,0,0,1,0,0,0,0
7,64,0,1,0,1,60,,,,,,,1,48,56,1,solo5,126,40,1,0,60,0,0,,0,0,0,0,0,0,0,,0,0,0,0,0,0,1,0,0,0,0
8,1,0,1,0,1,60,,,,,,,1,14,69,1,solo7,252,40,1,0,60,0,0,,0,0,0,0,0,0,0,,0,0,0,0,0,0,1,0,0,0,0
8,2,0,1,0,1,60,,,,,,,1,95,16,1,solo7,144,40,1,0,60,0,0,,0,0,0,0,0,0,0,,0,0,0,0,0,0,1,0,0,0,0
8,3,0,1,0,1,60,,,,,,,1,55,47,1,solo3,342,40,1,0,60,0,0,,0,0,0,0,0,0,0,,0,0,0,0,0,0,1,0,0,0,0
8,4,0,1,0,1,60,,,,,,,1,12,57,1,solo12,198,40,1,0,60,0,0,,0,0,0,0,0,0,0,,0,0,0,0,0,0,1,0,0,0,0
8,5,0,1,0,1,60,,,,,,,1,89,57,1,solo5,90,40,1,0,60,0,0,,0,0,0,0,0,0,0,,0,0,0,0,0,0,1,0,0,0,0
8,6,0,1,0,1,60,,,,,,,1,78,84,1,solo5,108,40,1,0,60,0,0,,0,0,0,0,0,0,0,,0,0,0,0,0,0,1,0,0,0,0
8,7,0,1,0,1,60,,,,,,,1,91,43,1,solo11,270,40,1,0,60,0,0,,0,0,0,0,0,0,0,,0,0,0,0,0,0,1,0,0,0,0
8,8,0,1,0,1,60,,,,,,,1,56,42,1,solo9,18,40,1,0,60,0,0,,0,0,0,0,0,0,0,,0,0,0,0,0,0,1,0,0,0,0
8,9,0,1,0,1,60,,,,,,,1,2,83,1,solo11,216,40,1,0,60,0,0,,0,0,0,0,0,0,0,,0,0,0,0,0,0,1,0,0,0,0
8,10,0,1,0,1,60,,,,,,,1,57,77,1,solo3,0,40,1,0,60,0,0,,0,0,0,0,0,0,0,,0,0,0,0,0,0,1,0,0,0,0
8,11,0,1,0,1,60,,,,,,,1,89,48,1,solo10,306,40,1,0,60,0,0,,0,0,0,0,0,0,0,,0,0,0,0,0,0,1,0,0,0,0
8,12,0,1,0,1,60,,,,,,,1,100,54,1,solo10,90,40,1,0,60,0,0,,0,0,0,0,0,0,0,,0,0,0,0,0,0,1,0,0,0,0
8,13,0,1,0,1,60,,,,,,,1,23,16,1,solo3,108,40,1,0,60,0,0,,0,0,0,0,0,0,0,,0,0,0,0,0,0,1,0,0,0,0
8,14,0,1,0,1,60,,,,,,,1,19,89,1,solo5,36,40,1,0,60,0,0,,0,0,0,0,0,0,0,,0,0,0,0,0,0,1,0,0,0,0
8,15,0,1,0,1,60,,,,,,,1,48,66,1,solo10,144,40,1,0,60,0,0,,0,0,0,0,0,0,0,,0,0,0,0,0,0,1,0,0,0,0
8,16,0,1,0,1,60,,,,,,,1,9,19,1,solo6,72,40,1,0,60,0,0,,0,0,0,0,0,0,0,,0,0,0,0,0,0,1,0,0,0,0
8,17,0,1,0,1,60,,,,,,,1,40,43,1,solo11,144,40,1,0,60,0,0,,0,0,0,0,0,0,0,,0,0,0,0,0,0,1,0,0,0,0
8,18,0,1,0,1,60,,,,,,,1,90,89,1,solo6,18,40,1,0,60,0,0,,0,0,0,0,0,0,0,,0,0,0,0,0,0,1,0,0,0,0
8,19,0,1,0,1,60,,,,,,,1,58,45,1,solo12,144,40,1,0,60,0,0,,0,0,0,0,0,0,0,,0,0,0,0,0,0,1,0,0,0,0
8,20,0,1,0,1,60,,,,,,,1,59,27,1,solo3,36,40,1,0,60,0,0,,0,0,0,0,0,0,0,,0,0,0,0,0,0,1,0,0,0,0
8,21,0,1,0,1,60,,,,,,,1,19,49,1,solo6,18,40,1,0,60,0,0,,0,0,0,0,0,0,0,,0,0,0,0,0,0,1,0,0,0,0
8,22,0,1,0,1,60,,,,,,,1,92,40,1,solo6,54,40,1,0,60,0,0,,0,0,0,0,0,0,0,,0,0,0,0,0,0,1,0,0,0,0
8,23,0,1,0,1,60,,,,,,,1,85,35,1,solo6,252,40,1,0,60,0,0,,0,0,0,0,0,0,0,,0,0,0,0,0,0,1,0,0,0,0
8,24,0,1,0,1,60,,,,,,,1,31,80,1,solo11,144,40,1,0,60,0,0,,0,0,0,0,0,0,0,,0,0,0,0,0,0,1,0,0,0,0
8,25,0,1,0,1,60,,,,,,,1,96,16,1,solo3,180,40,1,0,60,0,0,,0,0,0,0,0,0,0,,0,0,0,0,0,0,1,0,0,0,0
8,26,0,1,0,1,60,,,,,,,1,0,97,1,solo7,72,40,1,0,60,0,0,,0,0,0,0,0,0,0,,0,0,0,0,0,0,1,0,0,0,0
8,27,0,1,0,1,60,,,,,,,1,34,91,1,solo10,216,40,1,0,60,0,0,,0,0,0,0,0,0,0,,0,0,0,0,0,0,1,0,0,0,0
8,28,0,1,0,1,60,,,,,,,1,66,82,1,solo3,162,40,1,0,60,0,0,,0,0,0,0,0,0,0,,0,0,0,0,0,0,1,0,0,0,0
8,29,0,1,0,1,60,,,,,,,1,20,73,1,solo10,234,40,1,0,60,0,0,,0,0,0,0,0,0,0,,0,0,0,0,0,0,1,0,0,0,0
8,30,0,1,0,1,60,,,,,,,1,10,22,1,solo9,18,40,1,0,60,0,0,,0,0,0,0,0,0,0,,0,0,0,0,0,0,1,0,0,0,0
8,31,0,1,0,1,60,,,,,,,1,11,10,1,solo6,144,40,1,0,60,0,0,,0,0,0,0,0,0,0,,0,0,0,0,0,0,1,0,0,0,0
8,32,0,1,0,1,60,,,,,,,1,59,72,1,solo9,252,40,1,0,60,0,0,,0,0,0,0,0,0,0,,0,0,0,0,0,0,1,0,0,0,0
8,33,0,1,0,1,60,,,,,,,1,56,9,1,solo7,342,40,1,0,60,0,0,,0,0,0,0,0,0,0,,0,0,0,0,0,0,1,0,0,0,0
8,34,0,1,0,1,60,,,,,,,1,31,42,1,solo11,90,40,1,0,60,0,0,,0,0,0,0,0,0,0,,0,0,0,0,0,0,1,0,0,0,0
8,35,0,1,0,1,60,,,,,,,1,73,86,1,solo7,234,40,1,0,60,0,0,,0,0,0,0,0,0,0,,0,0,0,0,0,0,1,0,0,0,0
8,36,0,1,0,1,60,,,,,,,1,2,13,1,solo7,36,40,1,0,60,0,0,,0,0,0,0,0,0,0,,0,0,0,0,0,0,1,0,0,0,0
8,37,0,1,0,1,60,,,,,,,1,50,49,1,solo12,180,40,1,0,60,0,0,,0,0,0,0,0,0,0,,0,0,0,0,0,0,1,0,0,0,0
8,38,0,1,0,1,60,,,,,,,1,32,28,1,solo10,54,40,1,0,60,0,0,,0,0,0,0,0,0,0,,0,0,0,0,0,0,1,0,0,0,0
8,39,0,1,0,1,60,,,,,,,1,50,1,1,solo5,270,40,1,0,60,0,0,,0,0,0,0,0,0,0,,0,0,0,0,0,0,1,0,0,0,0
8,40,0,1,0,1,60,,,,,,,1,73,46,1,solo5,180,40,1,0,60,0,0,,0,0,0,0,0,0,0,,0,0,0,0,0,0,1,0,0,0,0
8,41,0,1,0,1,60,,,,,,,1,2,27,1,solo3,72,40,1,0,60,0,0,,0,0,0,0,0,0,0,,0,0,0,0,0,0,1,0,0,0,0
8,42,0,1,0,1,60,,,,,,,1,16,9,1,solo7,144,40,1,0,60,0,0,,0,0,0,0,0,0,0,,0,0,0,0,0,0,1,0,0,0,0
8,43,0,1,0,1,60,,,,,,,1,68,97,1,solo5,162,40,1,0,60,0,0,,0,0,0,0,0,0,0,,0,0,0,0,0,0,1,0,0,0,0
8,44,0,1,0,1,60,,,,,,,1,71,66,1,solo12,342,40,1,0,60,0,0,,0,0,0,0,0,0,0,,0,0,0,0,0,0,1,0,0,0,0
8,45,0,1,0,1,60,,,,,,,1,39,56,1,solo5,0,40,1,0,60,0,0,,0,0,0,0,0,0,0,,0,0,0,0,0,0,1,0,0,0,0
8,46,0,1,0,1,60,,,,,,,1,51,3,1,solo6,234,40,1,0,60,0,0,,0,0,0,0,0,0,0,,0,0,0,0,0,0,1,0,0,0,0
8,47,0,1,0,1,60,,,,,,,1,28,62,1,solo11,0,40,1,0,60,0,0,,0,0,0,0,0,0,0,,0,0,0,0,0,0,1,0,0,0,0
8,48,0,1,0,1,60,,,,,,,1,66,88,1,solo7,216,40,1,0,60,0,0,,0,0,0,0,0,0,0,,0,0,0,0,0,0,1,0,0,0,0
8,49,0,1,0,1,60,,,,,,,1,93,44,1,solo10,144,40,1,0,60,0,0,,0,0,0,0,0,0,0,,0,0,0,0,0,0,1,0,0,0,0
8,50,0,1,0,1,60,,,,,,,1,98,83,1,solo6,126,40,1,0,60,0,0,,0,0,0,0,0,0,0,,0,0,0,0,0,0,1,0,0,0,0
8,51,0,1,0,1,60,,,,,,,1,53,93,1,solo5,342,40,1,0,60,0,0,,0,0,0,0,0,0,0,,0,0,0,0,0,0,1,0,0,0,0
8,52,0,1,0,1,60,,,,,,,1,33,40,1,solo11,270,40,1,0,60,0,0,,0,0,0,0,0,0,0,,0,0,0,0,0,0,1,0,0,0,0
8,53,0,1,0,1,60,,,,,,,1,52,85,1,solo9,162,40,1,0,60,0,0,,0,0,0,0,0,0,0,,0,0,0,0,0,0,1,0,0,0,0
8,54,0,1,0,1,60,,,,,,,1,96,82,1,solo7,324,40,1,0,60,0,0,,0,0,0,0,0,0,0,,0,0,0,0,0,0,1,0,0,0,0
8,55,0,1,0,1,60,,,,,,,1,48,51,1,solo10,216,40,1,0,60,0,0,,0,0,0,0,0,0,0,,0,0,0,0,0,0,1,0,0,0,0
8,56,0,1,0,1,60,,,,,,,1,95,11,1,solo12,126,40,1,0,60,0,0,,0,0,0,0,0,0,0,,0,0,0,0,0,0,1,0,0,0,0
8,57,0,1,0,1,60,,,,,,,1,53,23,1,solo5,252,40,1,0,60,0,0,,0,0,0,0,0,0,0,,0,0,0,0,0,0,1,0,0,0,0
8,58,0,1,0,1,60,,,,,,,1,96,96,1,solo11,324,40,1,0,60,0,0,,0,0,0,0,0,0,0,,0,0,0,0,0,0,1,0,0,0,0
8,59,0,1,0,1,60,,,,,,,1,48,83,1,solo7,270,40,1,0,60,0,0,,0,0,0,0,0,0,0,,0,0,0,0,0,0,1,0,0,0,0
8,60,0,1,0,1,60,,,,,,,1,82,72,1,solo6,54,40,1,0,60,0,0,,0,0,0,0,0,0,0,,0,0,0,0,0,0,1,0,0,0,0
8,61,0,1,0,1,60,,,,,,,1,33,62,1,solo5,0,40,1,0,60,0,0,,0,0,0,0,0,0,0,,0,0,0,0,0,0,1,0,0,0,0
8,62,0,1,0,1,60,,,,,,,1,61,83,1,solo11,180,40,1,0,60,0,0,,0,0,0,0,0,0,0,,0,0,0,0,0,0,1,0,0,0,0
8,63,0,1,0,1,60,,,,,,,1,20,6,1,solo12,270,40,1,0,60,0,0,,0,0,0,0,0,0,0,,0,0,0,0,0,0,1,0,0,0,0
8,64,0,1,0,1,60,,,,,,,1,63,5,1,solo7,288,40,1,0,60,0,0,,0,0,0,0,0,0,0,,0,0,0,0,0,0,1,0,0,0,0
